"V1" "V2" "V3" "V4" "V5" "V6" "V7" "V8" "V9" "V10" "V11" "V12" "V13" "V14" "V15" "V16" "V17" "V18" "V19" "V20" "V21" "V22" "V23" "V24" "V25" "V26" "V27" "V28" "V29" "V30" "V31" "V32" "V33" "V34" "V35" "V36" "V37" "V38" "V39" "V40" "V41" "V42" "V43" "V44" "V45" "V46" "V47" "V48" "V49" "V50" "V51" "V52" "V53" "V54" "V55" "V56" "V57" "V58" "V59" "V60" "V61" "V62" "V63" "V64" "V65" "V66" "V67" "V68" "V69" "V70" "V71" "V72" "V73" "V74" "V75" "V76" "V77" "V78" "V79" "V80" "V81" "V82" "V83" "V84" "V85" "V86" "V87" "V88" "V89" "V90" "V91" "V92" "V93" "V94" "V95" "V96" "V97" "V98" "V99" "V100"
"BAKE1" 411 414 390 425 402 409 408 406 412 407 417 421 408 409 416 422 403 393 407 422 414 419 406 404 414 411 411 426 403 410 413 424 406 414 415 423 417 417 420 414 413 412 403 409 426 426 415 414 422 412 406 409 428 405 406 394 432 419 414 413 406 423 407 408 405 411 405 411 414 418 419 399 403 416 406 394 425 413 411 409 409 413 416 420 403 406 409 410 406 416 418 412 412 408 422 406 402 410 406 414
"BAKE13um" 644 638 648 637 645 629 631 626 639 645 654 662 629 634 645 638 620 630 638 634 648 634 627 650 666 645 644 636 650 631 638 622 624 643 637 639 647 637 637 634 636 639 669 612 640 644 661 639 646 636 621 654 660 642 639 624 642 637 636 645 620 624 645 615 638 627 639 634 660 632 655 618 643 646 620 622 645 630 631 640 633 628 643 645 625 652 640 655 625 624 638 612 605 623 642 613 661 642 647 653
"BAKE2" 447 442 438 453 450 454 445 456 442 429 444 457 445 444 441 462 447 447 462 453 440 459 458 451 460 465 459 464 448 446 446 441 444 449 440 443 463 462 445 459 449 440 446 454 444 448 450 449 439 452 437 424 462 459 457 452 451 455 467 430 440 455 457 437 447 455 448 455 455 450 442 444 441 436 446 444 450 463 452 456 447 439 438 452 445 436 457 462 456 467 449 466 443 456 461 460 474 443 454 458
"BAKE23um" 558 557 548 549 557 566 565 539 543 534 551 544 528 556 544 536 540 538 548 567 557 563 553 542 556 546 555 534 569 557 551 543 531 559 555 536 538 546 551 526 550 549 551 536 537 544 558 538 523 546 535 567 543 551 541 566 555 563 542 556 544 554 561 544 539 545 545 559 549 544 548 540 542 536 536 551 551 553 557 529 542 552 548 546 560 542 558 545 541 528 565 549 563 545 568 551 548 558 545 530
"BAKH1" 844 794 846 812 831 829 829 807 811 813 826 824 822 826 824 850 848 826 830 844 824 818 825 822 828 790 823 808 809 824 785 824 812 792 816 816 794 805 839 827 794 822 819 811 836 809 845 825 831 837 816 816 816 811 826 827 817 844 800 844 818 832 835 809 806 823 831 842 817 818 833 833 821 806 823 831 780 832 833 805 818 815 817 843 855 831 802 813 813 805 823 817 825 815 799 827 815 811 819 825
"BAKH13um" 789 813 812 777 798 797 802 778 775 796 801 783 803 803 803 806 781 794 778 779 786 789 805 803 790 800 813 789 823 807 790 787 792 798 806 803 759 802 808 782 802 787 785 798 796 791 807 784 783 799 802 786 794 789 800 810 819 801 799 783 818 790 823 800 815 790 792 785 776 789 785 783 794 790 797 793 802 788 796 819 805 788 796 811 777 801 816 819 798 798 786 795 782 794 796 801 828 777 788 793
"BAKH2" 849 817 846 836 821 822 853 864 835 857 822 854 843 829 817 817 835 841 862 825 838 842 855 837 853 859 837 827 828 848 851 829 838 852 837 833 870 870 852 842 850 840 844 827 830 856 842 826 831 830 836 829 830 845 847 816 824 835 837 840 848 839 861 844 830 857 846 817 831 849 853 854 840 836 844 820 859 817 830 834 862 845 841 825 848 857 823 833 857 839 833 828 843 862 840 831 828 813 845 848
"BAKH23um" 762 767 775 775 764 758 775 766 770 773 769 779 760 761 766 764 768 786 780 792 757 750 777 765 780 750 791 764 767 774 756 769 745 758 767 765 764 757 785 768 758 792 742 794 770 783 771 779 787 781 775 767 772 751 766 758 757 774 778 776 767 766 774 769 754 770 758 766 755 774 769 783 772 756 774 766 775 789 769 772 765 787 778 783 765 764 773 763 767 767 762 761 771 771 789 773 761 781 770 770
"BASE1" 516 500 510 504 495 501 500 485 507 514 498 484 509 512 496 491 506 513 498 500 513 495 496 503 498 511 510 505 494 485 519 510 483 504 500 512 495 495 506 518 500 518 499 497 516 497 522 502 500 504 508 502 498 494 502 506 485 508 488 513 502 490 502 495 488 509 504 504 496 514 517 499 507 507 518 494 515 495 498 496 486 499 495 490 511 508 499 502 506 502 483 500 488 508 491 505 502 507 511 512
"BASE13um" 553 524 518 520 537 533 500 525 520 520 512 526 515 526 515 529 530 521 539 519 532 541 516 531 518 516 507 509 531 527 529 541 520 506 533 522 545 513 521 494 515 507 547 519 527 545 527 530 509 531 532 526 523 528 509 530 533 523 533 521 542 525 526 528 529 522 522 530 518 533 533 528 535 506 527 532 539 538 522 509 542 516 528 527 534 521 536 525 514 538 536 524 529 518 519 540 538 530 536 536
"BASE2" 463 479 465 464 452 461 449 453 452 455 454 462 461 448 461 458 464 474 447 444 455 448 467 447 471 461 453 451 463 463 446 451 455 461 452 463 460 459 460 452 462 484 457 458 462 451 469 446 464 463 473 465 463 449 453 462 458 462 455 464 470 453 454 460 469 459 455 463 460 453 467 460 463 463 457 472 443 451 445 464 459 445 461 459 457 455 460 463 450 474 451 445 458 454 456 441 457 464 443 480
"BASH1" 1029 1011 1020 1033 1023 1015 1022 1021 1046 1047 1039 1007 1026 1028 1033 1019 1004 1005 1036 1005 1052 1024 1032 1000 1043 1030 1023 1031 1022 1026 1052 1037 1039 1041 1026 1028 1022 1039 1040 1027 1028 1024 1044 1029 1022 1044 1024 1009 1013 1016 1036 1010 1038 1043 1032 1007 1028 1069 1027 1038 1029 1009 1028 1037 1022 1040 1029 1021 1044 1033 1022 1039 1019 1026 1036 1035 1009 1047 1042 991 999 1052 999 1012 1002 1016 1051 1042 1011 1003 1030 1026 1015 1044 1018 1025 1032 1015 1054 1052
"BASH13um" 909 919 926 917 905 896 931 938 930 918 932 939 940 933 929 922 920 902 907 925 903 946 929 905 944 908 939 953 919 922 929 930 916 934 914 900 922 906 943 943 934 939 918 941 930 939 924 914 921 934 934 929 936 932 920 922 922 928 922 928 944 931 926 894 928 947 936 913 923 932 926 941 932 931 928 959 940 933 927 925 900 921 937 934 920 917 927 935 906 930 932 919 914 942 931 927 933 920 930 935
"BASH2" 960 980 953 982 995 984 976 955 964 969 967 973 989 970 969 964 976 981 975 984 965 964 993 968 976 984 977 977 993 975 987 972 956 990 987 960 985 983 980 970 979 968 970 991 990 980 986 955 956 981 992 981 940 974 975 971 971 974 979 964 993 973 970 988 983 982 963 983 952 979 960 960 956 973 979 972 971 999 962 982 980 972 975 971 959 975 988 985 971 975 990 960 969 978 985 972 970 985 986 984
"BASH23um" 956 946 945 945 939 935 938 920 940 946 970 951 943 930 923 938 954 917 916 960 930 928 940 926 964 946 931 928 933 919 912 928 958 936 942 925 919 937 940 948 943 946 950 933 929 916 930 939 920 926 959 949 920 927 928 945 939 925 930 931 951 942 926 934 950 919 946 934 916 908 943 952 943 945 923 941 934 942 956 918 944 949 964 948 950 962 948 941 960 939 941 950 966 936 950 939 927 941 959 913
"BRIE1" 452 456 440 460 459 450 454 435 443 457 447 442 433 449 442 450 452 439 448 453 448 463 470 443 454 442 440 462 454 447 447 454 460 435 445 436 444 453 442 459 451 438 449 454 462 450 458 446 456 436 451 447 459 462 465 451 441 451 444 439 451 447 459 456 467 451 448 455 445 451 440 441 442 445 459 454 469 445 468 447 447 455 439 447 443 443 446 439 440 465 446 463 459 458 442 451 469 451 453 444
"BRIE13um" 540 546 547 544 557 535 549 539 537 537 545 536 548 538 538 545 548 537 566 543 559 548 537 531 569 552 546 540 532 538 537 550 585 544 552 536 518 547 548 548 560 544 555 545 554 553 534 543 532 533 547 528 545 543 532 560 552 548 536 531 538 548 545 544 538 549 540 549 540 547 528 545 551 552 533 540 537 545 566 560 537 539 550 540 548 536 542 534 552 545 537 544 544 540 537 543 560 531 534 545
"BRIE2" 401 388 392 389 396 405 403 384 395 399 391 397 401 394 393 381 390 390 369 404 389 391 389 397 403 391 397 397 401 383 401 389 397 399 400 400 409 400 389 393 391 399 402 397 391 397 370 412 393 384 405 392 394 398 394 376 384 392 393 404 387 389 397 387 386 383 391 396 398 399 398 386 397 395 383 384 390 391 391 410 395 385 400 393 405 397 399 399 394 392 397 388 397 390 400 383 396 405 393 397
"BRIE23um" 470 492 485 477 502 483 474 480 482 487 466 478 488 485 482 470 478 482 486 494 489 481 485 465 470 486 483 483 473 493 477 489 488 470 477 480 498 474 487 477 489 460 483 479 491 478 476 481 483 474 474 497 495 488 477 483 467 478 483 469 498 466 492 488 473 475 492 487 473 481 465 481 474 481 486 487 482 488 477 481 490 482 478 465 484 483 480 468 487 492 496 480 482 487 478 482 485 485 479 479
"BRIH1" 866 818 838 843 805 803 803 833 824 788 832 808 831 806 806 815 813 819 801 822 814 810 827 825 817 819 813 790 817 818 813 815 845 812 823 835 826 811 826 817 810 839 840 832 814 834 841 836 821 817 816 816 813 831 817 806 831 819 829 830 841 829 833 820 807 828 821 836 812 816 828 803 824 837 826 843 819 822 810 826 825 818 824 831 808 825 849 830 788 837 819 818 815 815 839 820 823 815 830 805
"BRIH13um" 861 885 880 855 864 897 879 863 873 875 875 865 852 879 890 885 865 858 872 886 848 869 884 884 888 854 872 875 845 882 878 877 887 885 907 872 866 872 882 871 883 862 858 881 857 870 885 887 877 865 856 876 896 892 873 872 888 867 861 881 854 875 866 852 872 871 861 868 884 876 852 886 862 854 893 864 872 875 864 877 875 873 835 871 847 871 856 848 845 884 873 880 904 856 863 869 876 855 844 869
"BRIH2" 753 769 765 792 769 766 761 759 775 783 796 762 767 766 768 785 775 779 778 775 767 771 779 792 769 773 782 777 774 779 781 792 766 769 757 776 771 784 756 782 786 784 768 775 775 774 768 777 761 778 773 796 773 767 780 768 761 767 781 788 790 767 771 772 768 779 771 760 795 779 768 755 763 772 785 789 782 770 766 789 794 782 749 760 774 789 782 780 767 771 761 787 761 772 766 765 762 775 787 781
"BRIH23um" 907 868 885 849 870 883 884 867 859 881 870 878 870 864 905 879 893 859 908 863 879 874 867 875 859 896 853 851 853 868 865 838 877 904 860 863 853 873 883 847 862 887 877 885 878 873 885 859 860 879 884 902 856 860 890 886 847 870 879 862 855 869 873 884 853 879 859 870 895 871 863 858 875 869 894 876 895 901 858 904 849 891 858 885 872 869 843 874 889 880 883 860 867 869 885 906 872 862 874 877
"BSTE1" 246 248 250 253 251 241 254 248 245 249 251 253 253 254 256 245 251 244 251 257 249 248 244 248 254 241 254 252 254 251 245 253 253 251 249 248 247 250 248 247 250 248 248 246 242 257 252 253 251 260 252 249 247 253 256 248 255 254 246 256 256 247 251 251 255 246 253 252 249 246 249 247 244 248 250 246 258 248 250 242 246 254 250 246 242 253 257 257 251 244 245 254 250 249 254 248 252 247 250 252
"BSTE13um" 339 333 330 319 339 339 338 334 330 337 328 330 330 329 339 319 333 343 331 335 331 325 340 333 328 341 328 339 330 335 337 335 326 331 331 329 339 324 332 321 334 328 337 327 332 335 327 328 334 338 326 325 325 336 333 327 331 343 331 329 333 335 328 339 332 337 325 334 333 331 334 334 338 337 333 330 330 332 329 323 337 336 320 341 325 343 331 329 332 336 334 319 326 325 333 336 335 337 325 327
"BSTE23um" 357 346 357 363 363 352 379 362 354 365 357 347 359 353 358 354 358 368 365 359 362 351 346 357 366 356 368 364 345 358 367 363 370 359 352 353 370 366 351 363 356 360 369 360 369 363 364 358 359 368 364 351 362 364 357 355 349 344 366 362 353 367 358 348 359 370 367 362 360 364 357 356 368 354 361 362 356 365 359 363 364 356 359 368 366 363 371 360 355 368 361 357 349 352 359 361 365 362 361 371
"BSTH1" 803 819 832 810 823 803 829 791 837 822 804 805 818 824 805 824 833 802 833 833 802 804 795 816 803 826 813 800 819 827 799 810 802 815 814 804 820 805 824 796 817 826 799 797 804 805 806 813 806 797 801 820 815 818 811 811 808 821 808 811 809 804 779 798 824 835 817 818 813 826 824 809 795 810 812 817 834 813 806 812 808 822 829 812 827 820 853 818 815 814 809 834 816 829 847 810 813 817 807 826
"BSTH13um" 689 704 703 711 695 667 692 691 688 681 689 688 689 706 693 684 691 692 695 690 694 716 688 677 672 670 701 696 692 680 697 658 699 714 681 678 700 704 702 694 697 682 692 702 691 691 695 689 711 710 680 687 709 679 682 702 684 698 685 700 675 701 679 689 691 688 683 686 701 690 703 696 694 681 676 698 696 689 709 716 708 706 687 694 677 698 716 685 683 708 695 690 690 707 687 696 698 707 688 701
"BSTH2" 878 851 864 860 858 891 847 857 892 849 868 861 861 856 884 866 865 860 879 873 860 848 876 862 865 866 867 880 886 854 871 851 866 846 841 854 865 885 878 875 868 860 873 865 849 892 887 873 862 883 875 871 849 850 887 880 890 877 865 869 849 865 878 885 855 877 864 874 875 866 870 865 844 880 892 865 859 867 876 860 871 844 838 879 870 896 856 871 870 884 886 863 855 857 863 862 881 873 886 877
"BSTH23um" 686 710 673 698 686 674 695 696 700 720 707 697 669 689 681 706 701 686 704 682 698 694 697 712 688 712 702 703 690 695 722 713 701 714 701 702 677 673 707 711 687 710 704 679 720 719 688 703 707 703 691 708 712 686 704 701 681 705 686 713 688 692 680 688 709 661 688 704 702 681 706 703 705 705 685 694 714 689 708 693 695 700 713 685 728 693 691 689 706 693 677 693 702 683 708 688 708 690 690 723
"GULE1" 483 470 488 476 501 499 502 502 492 499 499 503 477 489 478 489 490 503 493 494 489 490 489 497 470 479 479 506 498 489 491 503 503 491 492 506 500 482 494 500 494 479 492 498 487 492 506 481 502 493 496 487 493 488 493 475 487 480 479 494 499 498 495 495 481 481 493 499 497 495 484 481 491 488 477 485 488 500 481 490 500 487 490 484 483 476 481 482 485 487 495 498 491 491 496 489 491 491 488 490
"GULE13um" 633 632 646 632 628 639 648 629 636 639 640 624 642 627 647 624 634 648 631 629 646 637 629 638 635 642 635 635 643 650 651 638 641 625 624 636 645 645 632 630 623 637 643 634 652 635 635 646 630 629 647 637 638 644 635 642 637 644 639 640 639 615 631 625 644 628 632 618 635 639 621 637 644 632 628 644 642 642 639 634 648 640 628 626 651 648 642 632 635 639 638 650 618 645 637 644 651 646 617 640
"GULE2" 520 519 524 513 514 516 524 513 528 518 527 522 529 515 505 517 516 529 509 521 528 512 529 534 513 515 506 523 523 520 528 522 520 516 523 509 524 524 521 529 514 527 518 510 524 510 520 520 534 517 511 519 519 521 515 527 518 521 516 533 524 522 527 530 523 534 516 512 521 504 527 519 517 514 525 516 515 526 527 527 519 513 530 511 524 512 517 504 511 533 523 524 526 532 513 518 530 532 515 516
"GULE23um" 525 518 524 519 516 517 514 519 516 515 517 515 512 520 521 518 512 519 509 518 518 514 508 509 514 516 511 516 509 521 520 516 509 512 507 514 514 520 517 515 510 513 517 518 514 519 511 516 521 514 506 520 515 514 522 524 520 508 520 515 508 510 509 513 511 513 514 513 518 521 510 519 506 501 523 517 508 513 519 513 516 517 512 514 519 513 507 520 512 520 516 517 511 523 514 511 524 530 525 514
"GULH13um" 654 654 666 672 670 675 659 654 643 660 659 658 670 684 670 694 654 677 672 682 694 675 661 671 676 677 653 673 664 658 664 677 654 664 671 679 671 667 665 673 659 660 664 676 666 663 661 676 653 646 679 659 670 663 675 657 679 674 670 663 673 673 667 655 682 672 661 683 656 663 671 665 669 672 673 676 664 670 674 667 670 660 654 670 687 661 677 670 653 661 661 663 666 693 650 680 664 686 658 677
"GULH2" 354 362 356 352 353 351 353 360 367 356 363 357 349 354 360 365 351 350 361 355 354 358 350 342 362 356 354 372 363 347 357 356 362 357 359 357 354 350 360 361 347 361 348 363 367 365 357 350 351 359 352 360 370 365 362 358 344 360 348 356 358 344 367 370 358 344 363 348 364 360 353 360 369 358 356 355 353 351 352 360 363 356 362 369 355 357 365 341 361 357 361 366 369 363 367 350 357 362 357 360
"GULH23um" 572 572 572 572 572 572 572 572 572 572 572 572 572 572 572 572 572 572 572 571 572 572 572 572 572 572 572 572 572 572 572 572 572 572 572 572 572 572 572 572 572 572 572 572 572 572 572 572 572 572 572 572 572 572 572 572 572 571 572 572 572 572 572 572 572 571 572 572 572 572 572 572 572 572 572 572 572 572 572 572 572 572 572 572 572 572 572 572 572 572 572 572 572 572 572 572 572 572 572 572
"LEEE13um" 489 463 455 472 463 484 454 463 484 488 466 466 467 448 468 460 451 472 462 470 475 476 475 472 460 459 483 483 483 464 476 468 466 479 475 466 485 481 475 471 481 460 470 466 470 476 473 496 480 475 478 471 463 481 480 465 450 473 458 478 462 467 472 459 478 469 480 472 464 465 471 483 463 475 473 481 464 460 458 475 475 486 471 485 474 471 456 465 479 468 470 460 477 469 461 481 459 452 458 473
"LEEE2" 445 452 438 435 448 430 450 437 436 442 440 420 445 446 441 444 431 445 441 439 442 432 449 426 442 439 425 436 435 443 435 424 442 454 449 447 425 429 451 447 445 447 444 440 433 424 442 427 434 445 445 424 439 446 443 430 430 433 415 429 434 437 429 426 439 439 434 429 441 433 420 429 431 431 432 434 433 431 438 415 426 427 450 422 434 428 448 431 446 460 438 439 430 456 425 426 433 447 441 434
"LEEE23um" 484 482 474 494 463 485 470 466 473 476 480 485 465 483 480 487 492 513 473 480 490 471 490 492 476 457 464 481 496 472 472 498 471 488 492 480 472 490 489 500 491 490 459 482 465 494 463 501 472 485 479 472 470 475 491 485 493 469 497 509 502 490 470 487 501 479 475 479 465 483 482 473 457 481 476 463 489 477 473 460 474 486 468 480 475 496 456 508 479 477 474 507 479 485 473 493 488 497 471 466
"LEEH1" 371 376 366 374 370 367 365 351 358 360 357 375 358 373 372 356 378 372 377 364 370 368 379 381 370 362 355 358 362 356 353 367 359 368 354 360 358 358 373 375 367 363 357 361 361 361 362 368 363 369 376 370 368 367 367 356 365 376 359 366 368 373 376 369 351 372 358 368 376 350 350 379 379 353 363 376 373 361 373 373 360 371 383 372 379 355 373 365 371 379 358 375 390 373 375 367 365 365 372 361
"LEEH13um" 346 349 359 342 349 350 344 359 347 351 347 362 341 365 353 343 341 347 353 358 337 344 352 344 336 359 341 349 339 360 351 341 349 348 337 347 345 354 331 330 337 354 330 353 342 339 341 363 341 369 347 335 355 345 345 345 342 362 366 338 360 367 351 358 359 348 344 342 358 368 357 353 349 353 342 333 358 342 334 377 337 345 357 369 347 350 344 370 355 346 357 360 339 343 344 346 345 356 339 355
"LEEH2" 305 293 295 301 290 307 296 307 304 310 316 312 298 299 300 298 308 295 304 295 312 298 317 307 322 297 304 293 299 315 299 312 306 309 301 305 295 303 308 309 296 307 306 309 296 293 290 316 314 308 302 302 296 300 292 309 303 317 305 297 297 310 301 305 293 306 315 310 290 315 305 293 297 292 318 298 312 297 315 300 295 314 302 306 303 304 300 302 318 311 315 291 310 304 296 299 306 305 293 299
"LEEH23um" 449 461 458 472 447 458 445 455 471 450 437 471 458 446 437 453 456 465 458 472 457 435 462 428 444 465 454 463 473 462 443 463 458 452 466 452 447 451 471 436 460 464 448 446 458 462 454 466 454 446 473 450 464 462 457 472 478 455 466 465 456 454 444 445 464 461 442 449 450 469 463 464 472 483 458 469 454 426 450 448 448 450 466 451 469 461 452 453 460 450 452 481 463 454 451 458 446 442 472 439
"LONE1" 450 436 406 431 426 423 425 425 434 424 412 429 443 418 430 422 431 429 439 419 421 417 433 421 424 430 435 427 421 423 419 420 410 446 431 439 442 446 427 435 445 442 437 422 424 437 423 437 433 420 431 431 430 443 446 435 428 431 429 428 440 429 435 421 426 419 420 437 429 418 426 439 429 433 411 432 431 416 421 433 430 434 440 429 434 422 433 431 439 412 429 427 427 415 425 443 425 437 431 441
"LONE2" 390 388 388 389 384 392 400 398 409 388 396 397 390 396 382 387 377 397 393 391 393 390 371 382 389 392 396 404 399 379 374 398 386 397 393 393 381 385 387 384 390 396 389 399 385 395 409 390 390 399 403 397 392 396 393 399 396 394 388 403 394 390 394 400 387 402 392 395 370 392 396 387 377 388 386 389 383 386 383 394 385 401 395 387 390 390 381 394 383 392 379 405 385 391 392 387 386 388 407 378
"LONH1" 396 382 370 372 384 373 408 391 390 373 403 398 387 385 395 390 362 368 389 391 389 401 375 395 379 381 389 379 397 397 396 392 401 386 413 381 380 374 385 391 396 385 398 408 399 384 395 398 400 366 392 399 387 378 386 395 373 395 390 389 393 396 397 384 393 387 386 386 399 386 394 394 399 387 395 395 386 373 394 384 396 389 384 380 383 410 395 390 398 383 393 393 399 386 382 398 386 405 385 361
"LONH13um" 478 468 482 464 489 483 470 451 478 486 477 463 464 477 475 477 487 468 470 483 478 475 473 472 481 470 494 475 482 475 459 472 470 471 467 467 481 461 480 476 481 481 472 464 475 477 495 491 479 475 484 469 477 461 482 471 491 468 455 479 478 487 463 488 462 458 466 469 470 465 468 477 459 466 462 482 480 483 462 492 479 467 481 489 483 478 469 475 481 474 478 479 478 471 454 475 475 471 473 482
"LONH2" 369 379 370 390 367 373 381 372 380 381 388 366 359 387 390 371 376 368 369 380 382 370 379 373 383 370 372 365 388 382 399 377 366 362 371 374 366 379 374 367 374 377 375 380 363 384 373 375 383 370 357 387 382 376 360 384 375 356 395 385 391 383 376 383 370 375 383 377 371 383 376 387 377 372 383 381 371 380 372 367 377 379 374 364 378 374 381 375 369 370 367 354 366 383 376 386 370 385 386 371
"PAYE1" 544 532 537 540 534 529 549 553 541 547 535 526 549 534 511 539 530 550 535 553 531 537 520 530 547 541 517 542 528 535 548 552 542 531 535 548 536 532 527 534 535 521 528 548 520 525 545 533 542 555 538 537 527 532 538 522 538 541 531 536 528 545 542 552 521 552 537 550 533 538 536 537 535 548 550 542 543 540 554 546 530 536 548 546 528 539 525 545 525 548 533 535 549 539 528 545 541 515 547 533
"PAYE13um" 559 548 565 577 570 574 559 552 559 560 551 573 560 553 583 575 573 575 578 557 561 573 564 585 582 556 576 561 565 570 560 554 572 580 568 590 571 556 568 577 574 573 585 581 558 565 590 566 561 590 557 569 585 564 558 566 560 569 573 557 564 572 557 564 566 554 577 560 567 564 575 557 567 582 559 567 569 562 546 591 567 563 568 567 558 565 576 571 575 565 564 576 555 557 578 571 544 570 542 572
"PAYE2" 554 541 549 538 550 553 536 565 540 543 541 545 544 540 535 554 555 549 551 542 551 537 543 563 555 554 546 551 559 541 546 534 552 555 551 540 531 530 538 551 553 541 537 548 557 560 546 551 562 534 551 545 564 555 539 556 545 543 552 538 545 550 540 550 554 539 552 535 539 540 537 545 556 552 538 545 543 516 543 554 538 544 546 540 542 551 559 531 537 534 579 544 535 548 551 546 555 548 546 535
"PAYE23um" 601 590 604 604 580 592 600 582 616 595 621 604 604 598 605 604 618 600 590 612 607 595 596 593 608 595 592 599 600 586 603 593 604 590 583 591 582 617 599 607 612 589 611 610 610 606 589 607 590 601 604 584 613 599 598 605 603 598 584 581 584 615 594 570 620 592 593 587 584 589 596 596 591 632 601 605 584 595 597 602 598 616 595 607 621 604 610 606 583 607 600 603 600 605 599 591 586 591 604 594
"PAYH1" 971 957 996 958 969 992 985 976 975 988 962 962 981 963 985 988 959 988 943 1011 1006 971 985 986 975 980 975 991 980 962 1000 1002 991 982 979 1008 990 951 994 973 988 982 978 1010 974 957 1001 1006 994 981 973 983 999 976 977 975 979 976 965 999 951 996 982 982 975 963 971 964 989 1007 968 1004 977 959 970 992 995 993 974 973 984 987 984 971 1008 986 984 1004 980 993 985 990 991 985 971 973 996 977 986 972
"PAYH13um" 972 958 969 967 978 979 980 970 942 976 983 946 965 961 981 961 983 977 972 970 962 966 954 962 970 966 983 959 944 940 974 954 977 960 973 949 983 955 952 981 978 973 954 968 979 951 959 978 977 972 981 977 960 966 981 965 965 973 987 961 960 957 977 944 984 962 940 961 962 963 1000 938 967 975 971 971 972 945 965 948 979 958 967 949 964 949 948 966 970 967 991 944 977 952 975 975 975 968 1003 970
"PAYH2" 1008 985 997 998 982 980 981 962 994 993 984 993 991 994 980 997 1002 1000 985 992 976 992 976 982 995 991 1000 991 1010 972 968 983 989 974 970 997 984 1000 969 973 977 981 986 986 987 980 986 977 988 967 975 976 1005 989 992 978 991 966 993 994 977 971 993 1012 1003 1008 971 976 983 963 979 973 1006 1001 982 994 992 998 991 981 970 995 997 973 981 1008 981 995 989 1002 952 1002 1011 994 974 987 994 982 976 969
"PAYH23um" 925 909 935 935 947 910 944 939 911 942 910 931 922 923 927 918 930 927 942 951 937 919 924 943 906 924 949 944 910 953 941 956 912 935 917 946 932 944 934 919 914 918 899 960 912 953 968 949 921 933 952 954 918 927 925 944 938 929 932 930 922 924 938 950 918 932 924 919 947 916 919 937 928 915 928 937 930 951 920 954 930 915 923 943 944 931 936 952 952 958 939 940 921 910 934 937 956 938 951 919
"SHEE1" 546 538 541 546 525 529 533 512 537 548 522 517 539 527 536 527 540 553 546 541 552 516 543 531 537 540 546 542 539 535 523 536 538 527 540 544 535 543 537 549 544 538 532 547 532 528 531 545 528 535 542 546 545 545 539 523 553 545 528 545 556 535 534 541 523 550 533 544 547 533 546 535 534 532 533 537 531 539 527 540 525 521 545 503 550 562 537 532 552 526 521 539 527 522 541 558 540 541 549 525
"SHEE13um" 642 641 635 630 623 640 646 634 640 604 625 642 647 641 618 627 638 635 633 613 637 637 634 650 640 626 636 627 633 620 651 642 635 641 636 635 623 600 645 628 625 638 623 635 649 635 632 640 609 640 660 641 633 633 632 621 648 642 638 641 632 652 631 647 622 654 666 621 629 644 612 633 619 629 632 641 641 616 629 648 623 646 615 636 647 639 617 647 647 628 640 630 646 631 647 640 618 646 648 645
"SHEE2" 583 588 592 592 585 585 597 584 584 603 581 610 595 580 586 588 585 600 575 589 591 594 586 576 588 597 590 589 581 569 577 573 584 592 587 579 597 592 605 584 596 585 577 582 586 575 583 591 589 581 581 600 586 598 586 582 585 592 615 575 586 598 593 595 581 581 572 588 595 596 593 582 588 583 602 589 595 601 569 592 589 600 589 597 597 609 580 576 562 577 573 601 592 572 592 586 588 581 571 583
"SHEE23um" 632 633 654 627 631 616 634 621 631 628 619 650 633 648 618 664 642 629 645 620 630 623 634 613 637 622 604 618 620 639 622 645 656 625 631 627 637 624 624 634 610 655 627 637 642 633 646 607 631 628 635 634 630 626 636 644 632 642 625 617 650 636 624 629 637 616 619 632 659 627 634 635 639 645 623 621 651 639 604 645 620 634 647 643 613 638 644 624 618 628 633 623 634 614 637 642 628 633 644 644
"SHEH1" 690 652 661 664 671 639 672 653 646 638 675 633 665 659 669 663 671 682 652 648 663 664 648 676 658 659 640 685 667 659 672 662 651 653 666 661 651 660 655 650 640 665 644 655 677 658 646 658 662 650 669 663 663 669 651 651 647 649 665 676 659 656 645 636 647 651 648 664 669 657 646 661 630 662 650 667 669 660 658 656 677 649 675 639 651 659 641 628 660 660 685 676 651 676 671 656 640 651 675 673
"SHEH13um" 685 719 692 706 714 731 731 706 710 752 715 705 726 718 730 729 714 699 735 705 716 716 713 731 700 714 713 721 703 702 720 711 718 703 706 714 709 713 710 717 740 717 685 693 716 742 719 710 718 710 724 698 707 727 722 724 718 688 718 684 709 719 715 738 711 715 705 709 721 714 728 703 707 714 700 709 696 693 699 728 718 711 708 723 711 733 704 717 701 707 696 699 719 726 717 728 727 721 731 681
"SHEH2" 622 625 615 604 629 619 626 617 625 627 620 630 615 621 612 625 615 645 636 628 630 618 638 650 600 618 638 615 617 622 619 634 611 624 616 601 649 620 628 633 643 609 632 611 631 605 616 617 606 628 618 610 626 608 624 626 637 610 632 623 629 642 629 632 632 622 648 634 618 630 618 639 635 622 643 604 630 628 628 622 617 623 632 640 619 612 645 622 610 622 618 631 620 615 617 637 622 630 619 624
"SHEH23um" 584 568 580 573 582 570 577 570 581 566 576 576 587 573 568 568 559 566 573 566 570 567 575 550 558 574 575 583 577 570 573 569 562 564 564 573 564 562 569 566 575 560 556 561 564 557 575 571 568 577 570 561 571 577 561 579 571 567 576 564 570 576 582 561 573 574 573 579 568 569 582 559 569 584 561 580 575 559 566 574 568 561 569 568 579 567 575 551 565 572 579 577 574 570 586 570 570 566 562 581
"SIXE13um" 398 403 398 399 393 396 400 403 409 399 392 405 388 396 401 402 406 407 400 396 412 395 389 399 404 413 402 410 400 388 386 392 400 394 394 406 392 387 391 403 401 386 403 401 381 400 400 401 389 398 395 397 390 398 396 395 384 393 396 396 407 395 403 398 396 396 393 397 393 406 399 401 408 401 394 399 395 388 394 392 394 393 395 395 401 404 394 417 392 398 395 413 400 396 393 396 399 397 388 398
"SIXE2" 423 417 426 431 439 429 428 413 418 440 434 429 432 434 433 427 433 425 429 436 425 417 434 433 432 426 429 427 438 445 428 452 429 424 436 426 437 413 428 427 430 431 429 429 415 428 415 432 426 432 416 424 419 430 425 441 423 432 439 428 422 420 430 425 428 427 414 429 437 441 435 430 426 433 424 434 431 435 437 422 434 416 434 433 441 436 427 438 419 410 419 439 423 428 426 431 435 435 421 430
"SIXE23um" 492 510 499 496 492 486 486 494 490 502 480 481 501 493 507 490 489 484 481 483 491 483 483 491 482 502 502 501 495 506 503 496 499 495 497 500 495 488 495 493 501 483 509 478 490 490 500 491 498 487 499 493 486 511 488 481 484 481 496 507 503 490 478 486 481 507 481 496 493 494 481 489 501 503 495 498 477 486 482 507 492 491 485 486 499 493 487 500 499 496 503 489 508 497 483 485 498 486 487 502
"SIXH1" 517 516 499 503 501 497 504 522 512 521 499 525 498 507 511 501 499 508 501 513 501 524 513 498 517 502 512 505 501 515 519 516 506 518 509 517 504 507 509 515 517 510 507 505 521 502 512 499 508 507 516 502 524 510 504 502 508 518 516 505 507 504 502 509 503 498 502 496 518 508 521 505 515 516 517 501 497 514 501 525 501 501 537 504 497 514 503 509 512 508 499 501 496 509 512 509 490 504 487 524
"SIXH13um" 629 626 625 620 641 610 620 621 643 637 626 620 612 619 605 622 612 624 641 624 622 623 616 640 625 631 630 620 620 636 616 639 639 624 602 638 631 627 625 627 629 627 619 631 626 618 619 628 620 611 614 615 632 623 612 626 646 629 621 655 603 626 629 641 616 631 617 635 605 626 632 615 634 641 645 636 600 620 623 652 621 616 627 626 611 625 629 627 619 635 613 632 646 633 616 633 611 623 625 626
"SIXH23um" 287 278 289 286 286 283 287 286 280 281 281 283 283 284 291 280 276 289 290 274 288 287 286 280 289 275 284 282 279 285 282 277 280 290 284 284 279 282 282 282 284 282 274 283 281 288 287 281 276 288 281 278 286 285 287 290 283 283 290 280 283 287 290 285 286 284 280 287 282 283 286 286 288 282 281 286 283 287 283 277 282 280 289 288 285 284 275 290 289 284 279 282 286 284 285 275 280 288 284 291
"WINE1" 373 370 361 363 370 353 368 367 367 365 367 371 367 356 363 371 389 373 374 354 363 364 369 365 373 374 365 364 363 377 369 363 370 364 371 359 365 367 374 368 369 373 372 368 362 372 377 371 364 357 368 365 376 362 359 367 361 351 357 357 361 356 354 360 366 361 383 365 381 362 362 361 353 363 370 364 360 363 364 376 368 374 373 367 368 367 376 381 370 359 360 369 361 364 374 371 371 368 375 358
"WINE13um" 413 415 403 410 426 425 416 416 419 418 406 423 416 424 412 432 421 403 434 413 422 419 412 434 411 413 423 405 408 416 406 403 424 419 403 425 422 430 423 405 423 421 421 428 417 415 415 414 423 411 410 429 416 422 427 424 416 417 415 427 418 414 425 415 412 426 415 428 411 427 420 417 410 396 413 427 420 423 417 410 427 414 425 420 425 409 414 411 445 406 417 418 424 420 419 419 431 413 420 408
"WINE2" 377 381 380 385 377 375 387 373 372 366 385 374 376 382 380 392 386 363 380 376 385 374 383 381 394 383 373 371 368 381 383 386 376 379 379 382 371 389 379 377 373 386 376 376 378 377 376 384 382 397 378 386 385 393 378 383 383 379 384 377 377 375 377 365 377 390 383 380 379 383 385 371 381 377 382 379 375 372 384 385 384 379 383 383 373 375 389 372 382 372 382 379 378 369 385 377 369 379 373 376
"WINE23um" 369 380 371 374 366 373 373 370 381 375 368 372 364 380 364 376 373 366 375 357 383 356 370 379 373 364 375 350 379 371 373 368 375 368 378 384 359 375 375 380 374 363 370 378 367 377 375 384 376 375 377 384 361 375 380 370 375 372 374 386 376 373 377 373 373 379 367 372 372 371 382 378 386 374 383 382 375 371 382 382 373 361 367 363 373 370 372 367 369 364 373 382 378 373 375 378 383 377 372 373
