"V1" "V2" "V3" "V4" "V5" "V6" "V7" "V8" "V9" "V10" "V11" "V12" "V13" "V14" "V15" "V16" "V17" "V18" "V19" "V20" "V21" "V22" "V23" "V24" "V25" "V26" "V27" "V28" "V29" "V30" "V31" "V32" "V33" "V34" "V35" "V36" "V37" "V38" "V39" "V40" "V41" "V42" "V43" "V44" "V45" "V46" "V47" "V48" "V49" "V50" "V51" "V52" "V53" "V54" "V55" "V56" "V57" "V58" "V59" "V60" "V61" "V62" "V63" "V64" "V65" "V66" "V67" "V68" "V69" "V70" "V71" "V72" "V73" "V74" "V75" "V76" "V77" "V78" "V79" "V80" "V81" "V82" "V83" "V84" "V85" "V86" "V87" "V88" "V89" "V90" "V91" "V92" "V93" "V94" "V95" "V96" "V97" "V98" "V99" "V100"
"BAKE" 545 551 541 540 543 528 553 546 539 561 530 539 544 545 560 568 564 539 535 547 541 554 526 540 533 544 549 554 532 572 545 539 543 546 546 541 546 545 568 564 547 541 537 526 555 542 551 535 553 542 541 546 548 559 539 555 547 534 548 552 521 553 539 541 538 523 547 556 539 542 521 548 529 552 534 539 552 547 548 533 559 531 550 547 520 559 547 537 571 562 550 540 546 534 542 546 548 536 552 569
"BAKE3um" 732 728 726 712 737 736 728 721 728 722 729 748 738 727 727 732 722 731 732 750 736 720 732 738 737 742 728 747 725 731 729 726 752 734 727 735 715 729 717 707 731 712 758 710 735 709 743 720 705 707 739 714 738 718 747 728 731 724 734 722 744 737 745 738 740 727 748 741 739 730 743 746 723 709 739 732 729 729 705 714 722 742 719 739 733 713 732 714 728 702 733 726 743 753 753 755 713 761 729 704
"BAKH" 996 1001 1006 1005 996 978 1017 1001 986 1002 1027 996 996 988 1012 1026 995 976 978 975 1017 993 972 971 1003 1008 1001 998 999 995 1010 1002 1009 1004 1023 1025 991 994 999 1009 989 990 987 1029 987 1021 998 1026 978 1016 996 1007 991 1013 968 1019 1005 1002 1032 1016 989 975 1021 992 988 1000 1001 990 998 985 1006 975 997 1017 1000 990 991 993 1001 997 1044 1000 985 983 1000 989 1000 963 981 1000 988 993 1037 1005 1044 995 1011 1001 991 994
"BAKH3um" 949 952 961 954 970 908 938 956 961 950 928 951 959 946 963 944 927 946 954 985 956 952 963 956 968 943 953 979 966 951 936 937 940 964 937 942 964 956 946 934 950 945 976 935 949 933 953 963 948 969 983 919 942 941 936 957 955 931 980 969 957 969 927 948 961 932 950 967 987 957 955 947 967 926 964 966 921 944 962 934 959 973 982 960 954 949 946 951 957 966 952 960 950 952 938 944 936 971 953 953
"BASE" 598 594 596 578 601 595 589 592 580 578 576 602 594 603 584 596 582 585 589 586 584 578 568 592 597 581 591 588 584 577 585 585 566 574 579 597 579 587 588 589 569 580 561 615 614 594 596 593 581 578 591 586 587 567 576 589 577 573 600 588 589 579 599 562 586 584 581 586 582 581 573 596 588 577 589 606 571 594 594 585 584 600 606 589 571 598 598 559 580 584 586 597 570 593 580 568 592 589 579 575
"BASE3um" 599 595 596 599 587 593 599 598 591 596 587 595 590 591 602 593 600 591 589 599 589 606 598 598 589 593 594 594 603 603 583 590 593 588 586 599 590 606 594 597 588 610 590 609 595 593 593 585 598 600 603 584 587 598 600 591 599 588 595 584 588 593 581 596 587 610 599 602 603 590 592 588 596 600 590 585 596 591 597 593 594 608 594 591 601 606 591 591 610 582 581 601 598 596 592 591 609 581 588 596
"BASH" 1200 1201 1253 1234 1228 1214 1211 1214 1225 1233 1221 1262 1212 1196 1212 1220 1191 1242 1193 1209 1225 1208 1248 1201 1228 1225 1216 1200 1241 1214 1227 1200 1234 1238 1214 1220 1226 1215 1236 1225 1204 1198 1228 1224 1212 1219 1244 1239 1203 1234 1233 1230 1190 1215 1218 1214 1221 1237 1192 1225 1206 1205 1179 1214 1206 1226 1237 1217 1227 1209 1237 1228 1228 1237 1206 1216 1217 1236 1211 1237 1242 1227 1224 1219 1226 1205 1247 1201 1246 1204 1232 1222 1222 1235 1176 1209 1224 1225 1215 1227
"BASH3um" 1116 1106 1101 1089 1097 1111 1130 1131 1073 1116 1134 1138 1123 1100 1113 1118 1119 1115 1101 1115 1128 1126 1096 1132 1137 1085 1112 1116 1107 1129 1113 1153 1124 1123 1128 1074 1128 1123 1139 1116 1133 1084 1111 1111 1095 1118 1104 1135 1098 1107 1086 1151 1095 1093 1141 1092 1126 1119 1126 1123 1106 1124 1085 1085 1143 1120 1118 1159 1078 1121 1089 1138 1095 1092 1095 1110 1094 1119 1110 1107 1096 1090 1107 1120 1110 1132 1108 1120 1097 1121 1107 1142 1108 1126 1101 1106 1087 1096 1130 1126
"BRIE" 517 536 524 520 535 528 527 525 525 532 542 526 505 547 524 532 527 540 522 542 516 527 510 523 524 537 528 510 531 513 532 515 507 537 518 526 498 525 536 523 518 533 495 533 530 531 516 523 531 544 552 529 511 536 527 537 507 528 539 522 537 518 535 526 529 526 529 539 528 529 523 528 532 536 531 524 520 535 535 525 533 541 523 511 514 505 514 537 523 519 537 524 518 515 523 532 516 532 528 525
"BRIE3um" 640 613 647 635 638 633 609 639 643 628 650 617 633 632 655 659 642 635 652 628 643 646 616 651 633 647 639 628 617 634 622 631 631 625 628 630 646 629 642 633 658 643 624 651 649 629 660 620 652 628 615 631 649 635 653 662 635 645 638 624 649 656 651 627 656 624 642 620 640 646 638 633 642 628 632 644 646 633 641 617 612 634 640 637 637 613 656 643 652 664 628 660 638 625 643 639 652 652 638 641
"BRIH" 962 978 1009 993 1006 975 978 982 992 1002 973 1011 987 974 1000 1005 991 973 988 982 996 1006 964 979 989 1013 986 1002 963 987 973 987 1018 993 1012 994 954 1001 981 976 987 984 976 1016 981 991 1010 980 991 980 968 978 989 989 971 971 967 1002 1001 984 981 975 986 998 988 978 968 947 981 975 972 980 976 993 970 985 1006 970 982 955 987 999 961 968 994 995 981 997 982 998 939 982 957 989 975 1000 1027 962 991 987
"BRIH3um" 1053 1012 1039 1047 1061 1046 1050 1060 1035 1051 1057 1065 1051 1044 1073 1040 1067 1070 1060 1047 1065 1041 1032 1066 1048 1024 1045 1034 1043 1057 1053 1051 1040 1085 1044 1063 1044 1057 1127 1020 1037 1055 1054 1095 1023 1023 1076 1044 1092 1059 1027 1070 1036 1052 1081 1050 1040 1068 1064 1032 1065 1070 1053 1052 1060 1031 1051 1049 1088 1025 1062 1045 1070 1068 1044 1053 1042 1053 1078 1059 1061 1064 1056 1068 1028 1063 1058 1078 1039 1038 1072 1074 1072 1066 1052 1063 1036 1046 1046 1030
"BSTE" 276 276 276 276 276 276 276 276 276 276 276 276 276 276 276 276 276 276 276 276 276 276 276 276 276 276 276 276 276 276 276 276 276 276 276 276 276 276 276 276 276 276 276 276 276 276 276 276 276 276 276 276 276 276 276 276 276 276 276 276 276 276 276 276 276 276 276 276 276 276 276 276 276 276 276 276 276 276 276 276 276 276 276 276 276 276 276 276 276 276 276 276 276 276 276 276 276 276 276 276
"BSTE3um" 450 427 433 456 437 423 430 441 439 429 442 428 436 427 446 439 436 439 438 429 446 430 438 429 434 453 440 437 433 436 436 446 436 453 429 454 453 412 442 435 419 442 421 424 440 430 434 435 427 440 441 446 414 433 440 433 447 446 425 434 443 440 420 453 417 430 443 441 436 418 435 440 429 431 454 442 438 428 447 428 443 418 445 436 441 425 434 449 444 433 451 432 436 413 444 428 428 433 436 430
"BSTH" 1038 1025 1020 1044 1042 1033 1045 1027 1055 1055 1051 1035 1033 1043 1021 1064 1043 1041 1020 1048 1028 1069 1038 1011 1016 1045 1055 1058 1028 1048 1056 1060 1022 1067 1011 1002 1051 1045 1025 1013 1038 1047 1044 1044 1017 1048 1081 1048 1052 1044 1038 1035 1056 1023 1018 1024 1052 1035 1029 1021 1049 1039 1042 1036 1051 1041 1047 1031 1059 1038 1010 1016 1033 1012 1045 1066 1039 1047 1049 1050 1054 1036 1043 1057 1043 1029 1043 1028 1011 1064 1002 1061 1060 1022 1022 1032 1051 1013 1019 1050
"BSTH3um" 853 854 849 827 837 874 837 823 827 851 841 839 857 838 846 839 836 842 843 837 866 877 882 841 848 877 830 818 863 835 867 862 870 851 837 844 863 865 863 844 847 820 858 870 848 813 843 844 817 861 836 856 842 859 852 868 834 856 846 821 850 844 843 852 832 854 878 839 848 819 831 841 837 818 844 837 850 842 852 852 843 843 863 841 836 864 855 849 834 850 857 839 846 847 850 859 860 865 839 852
"GULE" 670 662 663 653 647 670 652 624 660 630 664 670 649 661 678 656 665 637 656 652 662 656 649 668 668 644 661 649 652 653 664 665 631 657 656 650 640 667 697 672 655 642 638 658 657 646 652 654 661 662 642 642 647 638 651 653 670 664 666 650 655 628 670 689 654 667 677 660 654 643 662 649 657 667 641 615 659 654 650 638 644 639 625 661 660 650 664 645 662 664 634 655 669 672 650 657 651 648 632 656
"GULE3um" 780 760 789 770 791 790 765 783 791 761 753 777 774 788 767 773 774 788 783 763 775 782 753 786 784 791 783 795 790 773 781 756 767 761 786 771 785 775 790 755 761 784 774 778 778 778 777 777 776 774 780 785 796 762 783 768 791 768 781 778 772 789 789 774 760 756 768 759 795 783 776 768 782 761 768 781 788 773 776 766 780 785 773 789 758 765 781 775 758 771 795 782 764 784 759 751 768 775 784 772
"GULH" 382 382 378 374 377 379 374 383 390 374 374 380 385 389 383 388 378 373 374 384 385 376 381 365 379 391 377 376 380 382 375 381 378 373 394 377 374 378 392 383 380 375 383 382 384 375 387 391 379 381 378 369 391 386 382 384 379 376 376 377 381 372 383 371 391 371 388 378 386 385 379 383 378 375 375 385 383 384 383 379 386 372 383 382 381 382 383 375 376 377 385 382 376 377 376 378 387 377 363 388
"GULH3um" 820 813 821 804 794 816 830 827 820 801 825 832 828 824 818 824 821 803 830 814 814 809 818 818 811 817 828 827 835 824 799 833 831 814 830 800 804 825 812 821 816 804 827 828 812 807 812 806 823 805 817 826 820 802 816 800 795 808 808 810 828 829 838 808 806 839 816 837 820 813 812 833 829 795 819 801 802 796 820 807 817 821 811 806 813 834 812 814 824 807 826 841 816 821 824 816 823 830 823 802
"LEEE" 501 490 510 490 501 506 476 491 503 499 510 496 504 496 499 498 499 492 497 506 508 492 505 494 506 484 478 502 503 500 494 513 498 497 513 489 504 495 496 504 514 497 514 500 502 496 504 491 495 499 509 495 487 500 511 495 496 500 502 496 502 500 500 501 499 504 508 500 495 502 495 513 510 496 504 498 487 506 500 502 506 496 500 508 506 491 494 500 510 497 500 497 512 493 508 501 498 507 502 513
"LEEE3um" 598 590 579 600 599 591 603 590 588 594 571 579 593 601 622 607 611 591 571 576 607 570 541 570 590 606 595 596 583 593 590 609 590 575 580 599 588 586 605 595 609 604 578 574 600 603 594 600 582 587 585 599 587 575 579 606 600 604 600 581 587 590 623 616 587 614 605 609 600 575 613 573 586 593 639 613 601 589 606 577 580 592 580 599 602 599 581 595 591 598 600 592 579 614 596 574 592 594 589 604
"LEEH" 404 409 433 424 420 393 423 409 398 402 410 426 421 399 409 414 397 426 416 392 428 406 415 394 401 415 404 392 414 419 429 401 425 424 421 416 400 412 395 414 404 407 413 409 433 394 395 418 401 404 403 403 415 402 414 406 424 402 394 409 412 393 385 411 414 419 414 413 397 398 415 394 431 400 398 389 398 400 433 414 405 418 408 423 396 400 401 401 425 403 412 417 414 420 419 401 382 400 408 408
"LEEH3um" 511 497 500 506 523 513 513 505 502 511 522 496 499 478 504 518 515 481 519 501 501 490 479 514 501 506 505 502 499 513 494 507 505 488 519 492 505 503 512 497 499 508 517 521 505 491 496 503 507 500 493 488 499 501 509 483 517 491 512 515 512 518 488 503 512 483 490 496 512 499 506 505 502 491 494 497 513 501 520 513 501 482 506 508 503 518 521 499 528 508 507 491 521 497 498 497 510 496 517 506
"LONE" 499 504 494 509 510 510 513 496 509 495 508 504 517 506 488 491 498 506 505 510 492 502 509 513 510 495 498 506 506 506 508 495 492 498 501 493 496 495 516 497 479 494 495 489 508 500 508 497 501 510 493 505 506 494 507 483 527 500 496 515 513 521 494 500 501 520 503 500 488 501 489 490 510 496 496 502 508 512 487 495 489 517 491 498 519 503 522 519 500 502 507 484 503 528 501 522 491 497 505 508
"LONH" 441 444 452 466 461 444 444 443 438 480 456 467 442 459 465 468 462 479 470 468 448 443 452 463 449 463 461 468 458 445 460 445 460 434 462 472 447 486 462 445 455 466 446 439 453 465 464 460 459 478 480 450 451 457 465 452 451 457 456 469 470 468 464 463 452 442 462 455 449 454 447 464 465 458 453 459 462 445 432 462 458 454 464 441 457 462 451 445 454 455 468 446 457 452 449 445 468 440 449 458
"LONH3um" 534 550 544 538 521 552 534 547 541 528 539 540 529 532 550 544 532 543 547 527 548 516 539 525 532 550 536 541 538 557 515 539 529 516 541 538 548 540 534 542 542 527 531 533 533 534 557 518 523 549 546 530 536 537 534 537 533 557 520 531 539 548 535 534 545 531 537 536 541 529 549 539 532 528 532 527 538 548 525 552 539 535 541 516 548 527 542 530 543 534 527 540 540 523 548 528 548 537 530 534
"PAYE" 694 676 667 696 681 684 709 688 692 666 693 685 689 687 687 677 666 667 682 677 669 677 685 694 686 680 676 672 682 664 669 678 683 695 714 657 690 698 685 698 702 670 684 678 673 707 680 705 689 699 652 697 681 655 696 673 705 703 694 691 673 695 685 671 673 699 680 671 675 677 690 684 689 702 695 681 705 686 695 694 702 678 690 688 695 665 692 693 682 676 687 677 689 690 685 698 696 690 687 681
"PAYE3um" 763 738 711 750 729 718 746 751 745 711 747 731 748 757 775 723 730 724 772 731 742 735 757 746 762 731 763 750 760 731 764 746 758 752 762 734 741 755 719 737 761 740 724 758 744 737 741 739 747 736 768 741 722 751 752 755 742 736 744 726 762 746 743 757 766 734 748 731 746 725 752 731 739 745 750 746 742 738 741 721 728 738 767 728 756 731 740 742 739 755 742 742 748 723 734 739 726 748 735 744
"PAYH" 1236 1200 1193 1224 1184 1222 1226 1230 1213 1190 1185 1205 1198 1203 1201 1222 1233 1167 1220 1212 1177 1215 1204 1213 1158 1228 1242 1215 1208 1197 1186 1200 1205 1204 1206 1230 1240 1220 1226 1186 1219 1212 1197 1205 1188 1215 1196 1206 1204 1199 1215 1212 1205 1233 1188 1218 1205 1201 1193 1194 1210 1196 1205 1204 1243 1226 1225 1199 1210 1209 1191 1195 1222 1176 1193 1210 1237 1176 1202 1211 1209 1216 1226 1184 1194 1194 1208 1224 1195 1218 1203 1210 1241 1209 1183 1195 1209 1205 1198 1213
"PAYH3um" 1145 1180 1120 1131 1113 1135 1127 1169 1134 1142 1143 1127 1130 1131 1127 1141 1131 1140 1126 1115 1125 1164 1125 1144 1151 1130 1125 1155 1133 1130 1158 1154 1126 1135 1129 1134 1109 1119 1152 1134 1157 1138 1112 1148 1146 1135 1141 1168 1151 1137 1163 1138 1153 1109 1132 1127 1132 1141 1118 1154 1114 1116 1148 1117 1153 1127 1123 1145 1144 1153 1098 1130 1145 1101 1104 1126 1123 1123 1159 1115 1145 1129 1099 1143 1115 1131 1122 1148 1125 1164 1131 1158 1121 1138 1160 1127 1138 1154 1123 1133
"SHEE" 718 699 696 722 696 709 687 702 702 718 715 697 711 686 707 689 685 706 698 685 700 712 699 699 710 713 711 694 694 701 699 714 706 726 703 718 687 710 707 716 727 692 698 690 701 696 717 687 708 691 691 718 696 693 703 710 711 688 704 707 700 692 714 702 696 707 710 700 713 714 697 708 718 711 692 700 706 700 730 707 708 699 713 691 706 706 700 701 703 690 694 713 697 716 689 706 701 682 688 689
"SHEE3um" 789 749 782 791 762 756 766 781 771 752 759 768 773 786 763 771 791 747 747 780 803 771 748 765 758 767 768 761 768 759 768 779 793 763 767 789 770 794 775 773 748 760 793 739 781 766 779 754 767 754 767 766 765 748 786 784 794 762 795 779 770 751 788 797 770 746 769 775 807 772 762 778 759 753 758 764 777 777 754 784 768 778 774 777 770 763 773 774 805 758 758 754 772 749 774 795 771 770 777 780
"SHEH" 792 811 786 820 793 803 762 786 756 778 776 810 792 796 806 766 776 839 772 784 743 800 786 792 772 801 798 761 778 797 786 782 812 774 778 766 791 769 788 808 762 792 790 795 791 828 798 777 801 773 767 774 788 794 788 792 795 777 801 807 789 792 784 812 790 785 767 783 783 799 785 785 773 801 768 795 779 791 790 776 779 799 789 770 797 795 770 814 799 787 817 789 800 806 778 798 788 777 783 801
"SHEH3um" 819 804 788 806 812 802 831 804 813 807 810 812 819 788 825 802 817 823 829 795 820 813 811 814 789 811 828 804 814 799 831 796 799 829 789 812 804 802 803 810 795 825 817 838 811 811 802 811 814 809 814 818 827 803 825 808 804 821 805 798 821 795 819 804 822 788 806 796 795 801 816 815 789 813 804 805 834 796 805 809 806 786 800 802 807 796 839 796 814 819 805 818 796 815 812 797 803 782 803 806
"SIXE" 571 588 575 570 576 569 588 586 585 579 573 580 582 571 583 578 583 581 572 582 574 572 565 573 582 583 574 569 579 574 586 586 575 579 575 576 583 571 571 571 587 579 577 589 586 572 588 573 574 588 572 576 574 567 581 572 588 577 577 591 563 572 572 568 584 587 568 571 566 578 578 569 556 576 573 577 574 578 580 570 578 575 574 589 575 565 582 571 587 578 581 576 578 567 582 566 581 572 572 570
"SIXE3um" 549 538 547 545 557 556 546 569 561 563 567 583 565 572 554 554 548 570 552 567 568 557 565 577 563 563 562 556 543 564 552 550 562 562 557 558 560 560 562 558 548 543 553 540 571 539 555 566 552 548 541 550 568 563 551 549 549 542 561 550 568 563 561 570 553 538 559 563 544 545 555 542 564 581 561 559 554 555 572 563 557 563 548 541 569 568 572 550 554 550 565 571 557 548 568 562 538 554 545 566
"SIXH" 548 547 564 555 565 554 561 558 539 552 555 552 564 563 573 560 557 556 559 564 565 554 560 552 555 553 564 569 554 551 559 555 556 559 554 561 558 556 550 556 562 556 551 555 557 556 561 560 550 546 564 557 554 552 556 559 565 563 570 554 556 550 557 567 563 560 543 567 564 551 550 556 564 565 557 532 563 555 552 554 559 554 562 557 558 559 544 548 560 554 560 563 563 564 565 566 555 546 545 567
"SIXH3um" 649 640 621 618 610 637 638 624 618 636 628 631 620 634 630 640 626 617 633 622 637 621 641 634 605 614 626 641 633 632 639 630 638 615 643 624 639 626 636 646 644 626 634 653 635 640 637 633 623 635 623 630 620 628 625 623 622 634 637 634 639 621 634 615 627 621 635 627 617 622 617 626 612 617 625 645 639 631 626 609 635 642 620 640 627 643 614 614 612 618 638 630 652 625 624 628 644 632 643 629
"WINE" 448 451 436 418 441 461 451 454 428 448 442 442 457 457 442 457 452 455 449 446 441 449 448 429 455 438 448 457 452 448 451 442 440 433 439 437 454 443 453 446 437 446 458 443 450 455 454 451 453 456 444 446 444 439 455 452 440 445 452 445 449 444 444 449 461 438 447 443 459 447 446 448 458 434 439 453 443 434 447 444 449 460 451 441 441 439 435 446 453 446 458 448 426 443 461 445 457 443 445 443
"WINE3um" 494 496 501 482 477 491 486 496 496 473 474 490 489 507 508 495 506 495 488 495 472 494 482 474 481 485 485 464 491 480 496 500 490 468 498 481 484 485 476 486 486 492 497 497 484 495 483 481 483 493 482 479 472 483 489 496 466 470 465 488 485 473 468 493 489 500 487 482 497 498 478 487 491 505 490 489 476 488 471 507 471 504 488 485 484 495 485 498 491 485 483 480 491 472 468 485 481 484 491 459
