"V1" "V2" "V3" "V4" "V5" "V6" "V7" "V8" "V9" "V10" "V11" "V12" "V13" "V14" "V15" "V16" "V17" "V18" "V19" "V20" "V21" "V22" "V23" "V24" "V25" "V26" "V27" "V28" "V29" "V30" "V31" "V32" "V33" "V34" "V35" "V36" "V37" "V38" "V39" "V40" "V41" "V42" "V43" "V44" "V45" "V46" "V47" "V48" "V49" "V50" "V51" "V52" "V53" "V54" "V55" "V56" "V57" "V58" "V59" "V60" "V61" "V62" "V63" "V64" "V65" "V66" "V67" "V68" "V69" "V70" "V71" "V72" "V73" "V74" "V75" "V76" "V77" "V78" "V79" "V80" "V81" "V82" "V83" "V84" "V85" "V86" "V87" "V88" "V89" "V90" "V91" "V92" "V93" "V94" "V95" "V96" "V97" "V98" "V99" "V100"
"BAKE" 502 489 484 485 496 497 481 497 489 485 496 490 482 496 487 482 486 495 483 473 465 492 487 497 479 494 494 477 486 500 505 484 485 505 472 483 483 491 476 481 482 500 479 480 494 494 482 508 499 483 503 494 483 492 486 485 498 473 495 503 500 478 490 485 483 482 496 482 472 498 489 487 489 491 466 503 497 484 481 491 467 466 490 500 487 479 490 499 481 495 480 488 477 459 507 499 494 486 484 491
"BAKE3um" 649 669 659 637 653 662 660 670 680 657 665 638 677 664 668 655 651 654 669 665 657 680 661 643 665 664 665 660 662 659 659 663 652 666 644 659 656 671 672 671 664 657 675 666 665 672 668 660 662 670 659 675 674 653 656 635 677 656 649 658 673 673 657 672 669 671 648 653 672 645 657 669 661 676 639 667 668 645 665 660 661 670 656 639 641 670 670 655 671 674 663 674 652 663 664 672 654 658 654 669
"BAKH" 912 907 919 904 899 925 881 915 889 913 900 872 897 912 896 913 912 921 899 896 889 893 896 889 903 876 930 911 892 938 910 906 908 912 893 910 910 886 912 909 911 882 899 871 902 885 892 899 934 902 905 888 901 903 899 896 890 883 888 897 877 919 890 906 890 895 893 893 915 892 911 908 911 898 904 939 899 887 918 909 884 904 919 879 911 905 907 904 886 902 934 910 914 905 912 887 890 893 896 924
"BAKH3um" 843 854 876 872 877 882 849 834 836 864 887 879 879 887 857 864 867 876 851 858 853 846 858 871 852 858 854 855 875 882 865 870 849 842 845 857 852 862 851 849 856 872 877 864 860 863 852 870 872 861 859 868 864 854 856 864 878 833 856 853 856 879 855 889 852 852 890 833 866 849 862 849 850 858 853 846 868 860 862 853 861 861 873 864 859 858 861 859 867 851 874 883 865 892 865 860 857 878 859 860
"BASE" 516 543 553 525 530 544 531 548 523 539 527 539 524 533 544 552 533 536 549 547 526 540 535 547 530 536 542 528 535 523 541 534 540 541 537 547 554 538 545 540 535 543 530 542 526 525 540 535 546 540 534 531 541 541 526 528 528 542 522 534 546 543 533 540 537 543 537 537 523 535 539 532 534 531 539 535 526 534 539 538 532 546 547 553 534 543 552 533 509 554 523 546 539 537 532 535 535 538 533 539
"BASE3um" 610 574 593 612 588 592 592 609 603 605 606 585 610 606 592 602 586 600 593 593 587 597 595 592 592 586 600 595 590 594 585 595 578 606 599 602 605 591 595 604 591 590 586 599 577 597 588 590 595 609 587 597 592 594 586 598 581 599 579 613 603 591 599 592 587 603 609 591 602 597 595 596 596 596 594 598 593 585 603 599 593 603 613 600 597 589 591 595 608 583 593 584 595 576 591 581 586 605 574 590
"BASH" 1140 1129 1136 1129 1130 1134 1114 1132 1118 1151 1135 1135 1112 1125 1131 1128 1139 1136 1113 1118 1147 1116 1129 1118 1125 1112 1113 1131 1128 1114 1118 1100 1125 1126 1118 1118 1112 1104 1134 1118 1121 1112 1123 1129 1134 1130 1137 1124 1138 1096 1148 1141 1104 1118 1123 1107 1106 1124 1120 1108 1125 1117 1129 1130 1128 1118 1132 1119 1119 1108 1127 1130 1115 1125 1094 1151 1118 1155 1127 1118 1131 1129 1115 1112 1097 1116 1135 1123 1123 1115 1145 1141 1106 1111 1137 1130 1136 1102 1114 1113
"BASH3um" 1021 1014 1029 1033 1010 1013 1026 1023 1051 1041 1024 1033 1022 1067 1045 1022 1008 1024 1019 1029 1032 1048 1037 1027 1012 1027 1025 1014 1045 1017 1036 1036 1029 1041 1034 1026 1014 999 1021 1007 1048 1033 1025 1032 1039 1024 1057 1043 1037 1023 1038 1043 1039 1022 1030 1005 1029 1027 1034 1041 1049 1016 1035 1043 1035 1010 1013 1042 1049 1064 1061 1033 1023 1022 998 1021 1062 1016 1015 1023 1043 1036 1026 1042 1022 1004 1032 1044 1021 1056 1037 1005 1019 1008 1045 1017 1026 1019 1028 1017
"BRIE" 482 498 479 483 484 474 478 467 485 486 497 490 487 481 484 477 501 485 490 494 490 472 467 496 479 493 494 487 490 497 486 487 481 486 505 488 496 499 480 488 477 487 505 495 480 485 476 479 484 491 491 481 489 484 479 494 497 491 485 479 492 493 477 501 500 478 488 491 485 486 472 485 482 496 483 491 479 486 493 482 494 482 477 498 487 489 485 480 483 488 477 476 483 468 500 479 488 489 491 475
"BRIE3um" 581 581 567 581 577 567 554 585 573 567 572 582 571 580 576 579 563 574 582 558 574 573 581 553 572 570 582 581 556 569 562 590 579 575 575 575 576 574 561 571 568 581 583 572 581 563 568 582 583 569 556 573 565 577 563 565 567 582 580 584 583 582 587 567 581 563 579 571 570 573 574 583 584 587 574 585 556 572 582 579 570 579 594 571 570 572 573 593 577 571 569 561 574 557 563 563 570 587 562 568
"BRIH" 852 856 861 840 872 849 861 863 864 857 863 854 871 886 855 840 843 859 840 880 857 851 858 842 864 847 850 862 859 862 867 867 862 858 859 871 857 851 849 831 877 853 868 864 839 849 858 855 851 865 873 865 882 868 848 871 886 854 878 866 842 855 860 864 861 844 876 874 835 846 834 863 854 859 845 877 866 843 859 873 854 860 857 849 868 858 860 849 859 866 847 849 854 847 870 862 852 850 848 869
"BRIH3um" 943 989 972 961 965 944 958 964 945 975 959 983 937 963 976 950 973 935 955 975 987 973 956 952 967 962 976 968 951 974 957 962 952 956 961 951 944 954 962 939 966 975 961 971 957 973 959 962 945 957 945 952 992 962 957 965 957 978 956 969 955 961 967 971 949 945 967 950 949 954 963 957 953 943 954 953 961 952 935 978 964 984 974 988 965 957 947 930 960 965 929 957 943 965 983 963 942 968 949 976
"BSTE" 271 273 272 273 272 271 273 273 273 273 273 273 273 273 273 273 272 273 273 273 273 273 273 273 272 272 273 273 273 271 273 273 273 273 273 272 273 273 273 273 273 272 273 273 273 273 272 272 271 273 273 272 273 273 273 272 273 273 273 273 273 273 273 272 273 273 272 272 273 273 271 273 272 273 273 273 272 273 272 273 272 273 273 273 273 272 272 273 273 273 271 272 272 273 273 273 273 272 272 273
"BSTE3um" 389 383 386 383 383 383 383 382 389 388 383 382 383 381 387 382 379 390 386 380 374 391 381 386 371 381 378 384 388 382 390 383 384 389 386 386 389 389 390 391 390 383 381 386 386 378 386 379 382 379 384 387 385 376 391 389 382 385 382 381 388 378 384 386 381 380 386 387 386 384 385 378 383 393 380 377 379 385 380 382 389 385 375 374 382 380 387 383 388 385 385 383 384 386 393 382 392 388 389 381
"BSTH" 916 914 902 919 909 939 901 906 924 899 903 908 905 899 897 906 913 921 905 896 907 892 920 919 896 937 930 907 907 906 892 922 906 915 916 929 945 913 893 922 906 915 913 919 922 911 915 892 893 909 940 904 916 927 897 925 895 905 879 917 898 905 903 902 932 902 912 904 898 920 928 898 915 910 898 917 911 898 933 898 908 933 921 904 906 894 920 904 914 912 898 906 903 895 891 900 932 891 920 908
"BSTH3um" 768 732 765 763 772 777 760 751 757 769 756 774 761 764 799 759 777 763 776 788 756 750 769 759 760 769 752 768 766 774 789 769 757 754 775 758 766 769 757 756 774 754 768 774 763 757 743 763 775 751 772 785 765 760 746 754 759 748 754 747 773 768 760 773 757 769 749 755 770 757 771 750 767 755 767 749 769 775 786 753 759 775 771 755 770 742 769 744 748 773 756 759 766 781 773 743 760 767 769 757
"GULE" 565 559 560 578 561 561 556 554 561 567 564 571 569 566 570 564 560 561 563 551 568 565 558 567 568 568 566 559 566 569 560 545 550 570 564 570 563 572 562 558 559 563 570 562 559 578 566 574 561 567 559 556 562 572 569 552 569 572 564 573 573 568 571 568 561 575 568 558 556 550 546 565 562 558 564 560 551 552 562 587 564 568 562 564 568 554 564 549 570 559 557 560 563 557 560 559 559 556 561 557
"GULE3um" 711 711 711 711 711 711 711 711 711 711 711 711 711 711 711 711 711 711 711 711 711 711 711 711 711 711 711 711 711 711 711 711 711 711 711 711 711 711 711 711 711 710 711 711 711 711 711 711 711 711 711 711 711 711 711 711 711 711 711 711 711 711 711 711 711 711 711 711 711 711 711 711 711 710 711 711 711 711 711 711 711 711 711 711 711 711 711 711 711 711 711 711 711 711 711 711 711 711 711 711
"GULH" 388 394 391 384 400 389 372 383 388 393 390 394 389 386 387 384 384 384 397 396 382 388 395 403 395 388 384 379 391 387 385 375 397 394 385 396 379 397 390 390 378 383 390 386 386 397 403 389 374 387 387 396 401 379 382 389 396 395 394 389 396 380 382 384 389 384 391 391 388 396 374 390 386 386 376 400 383 379 393 392 385 394 392 385 385 388 402 388 386 389 381 375 387 389 393 383 388 394 382 386
"GULH3um" 747 746 762 759 751 760 764 758 753 752 756 754 748 757 752 749 752 763 755 750 759 756 760 758 751 757 762 755 757 753 765 753 756 755 755 752 749 752 755 766 756 755 752 756 751 749 747 747 753 751 749 761 760 745 750 750 756 758 754 754 752 761 749 758 758 762 750 757 750 760 757 756 745 755 755 761 748 755 764 760 761 755 742 760 758 758 751 760 760 759 745 758 754 756 742 755 761 759 754 751
"LEEE" 505 495 491 503 494 507 500 493 511 502 496 492 494 504 485 503 504 494 503 489 488 509 501 506 501 503 509 488 501 501 484 499 504 485 492 495 502 495 494 498 502 496 490 490 485 500 494 495 485 496 502 487 503 496 490 496 505 493 501 499 508 492 491 497 507 497 498 512 509 498 485 504 493 493 478 493 507 491 502 494 489 495 510 489 491 491 487 495 486 496 496 498 510 495 485 499 496 501 498 499
"LEEE3um" 506 522 532 519 544 517 517 532 519 511 519 508 518 520 514 533 534 493 535 524 511 522 527 528 506 511 528 531 527 523 515 522 525 538 514 545 536 527 529 525 527 524 511 550 520 503 527 523 529 531 530 560 524 534 532 524 534 535 542 518 528 532 529 531 542 538 493 531 532 510 515 522 513 538 538 528 513 532 533 527 530 535 518 529 520 526 507 522 537 533 537 528 526 551 508 497 519 532 526 530
"LEEH" 372 376 375 368 379 381 368 372 363 372 369 375 374 350 369 359 374 366 365 370 365 366 374 374 356 374 376 359 359 374 369 381 354 352 372 361 358 376 368 372 379 375 370 362 386 367 369 371 374 382 364 379 364 360 369 366 348 364 359 363 363 377 373 355 370 367 378 372 374 370 359 366 362 376 360 379 376 368 375 371 366 365 348 368 367 371 374 363 371 376 376 353 361 387 364 357 365 379 370 367
"LEEH3um" 465 461 472 460 456 447 448 445 446 476 469 442 450 443 448 444 450 454 458 449 455 453 459 458 454 450 467 465 442 446 458 457 464 450 461 447 454 462 443 464 449 455 445 449 450 462 460 443 460 448 464 435 453 443 439 453 461 447 460 458 448 448 485 470 439 446 454 442 463 465 455 444 462 449 448 460 463 456 446 440 443 455 434 458 446 443 446 453 459 456 450 466 454 467 439 473 464 449 461 447
"LONE" 446 439 453 430 427 441 430 443 454 421 435 444 439 434 445 450 442 434 439 438 422 441 435 450 436 435 449 435 450 438 437 443 432 444 436 443 436 439 438 439 439 459 434 430 433 442 439 430 441 449 439 433 437 429 438 432 432 431 433 442 431 439 434 433 439 439 430 438 423 449 433 433 438 451 448 430 443 457 456 455 438 430 447 426 454 438 440 430 433 445 442 440 429 444 428 446 444 435 442 437
"LONH" 377 401 408 391 399 404 412 402 414 399 403 405 404 398 397 402 413 399 400 407 411 407 395 407 408 392 404 397 405 386 413 409 398 403 398 417 395 404 397 388 390 414 404 392 403 402 400 399 407 404 388 395 393 407 402 406 403 414 416 402 414 414 409 406 383 413 395 396 413 390 413 407 401 395 398 388 399 406 383 390 417 403 399 406 411 410 396 393 398 399 391 409 391 408 406 407 396 397 404 402
"LONH3um" 529 530 531 541 520 531 537 544 531 533 527 534 523 547 524 532 549 532 531 545 531 531 535 535 540 540 559 547 530 524 546 528 540 541 538 542 515 532 552 540 537 532 540 533 524 526 529 541 531 519 525 540 543 532 525 548 530 542 545 530 540 552 529 540 523 532 528 536 523 542 523 522 523 532 542 549 526 535 521 537 542 531 525 537 532 543 536 547 530 528 545 550 542 520 529 515 528 545 525 537
"PAYE" 635 630 622 613 629 620 612 634 641 616 610 637 625 620 622 629 627 630 619 625 630 625 624 638 622 636 604 627 626 642 626 627 632 638 632 622 629 631 624 629 636 597 630 620 619 621 623 620 625 621 606 632 633 627 629 645 624 618 632 628 627 626 615 641 641 617 622 625 621 629 616 627 625 625 631 628 618 637 634 617 632 617 617 628 630 629 631 635 636 629 623 625 630 624 626 627 634 625 616 612
"PAYE3um" 681 687 666 673 665 632 675 668 688 678 661 656 657 661 660 683 668 687 641 662 677 669 669 651 666 651 654 660 642 668 664 669 648 662 667 670 679 661 683 673 666 682 656 673 667 650 675 675 656 677 667 669 676 670 667 674 663 671 667 653 669 659 680 647 684 673 656 657 679 660 668 674 662 673 671 667 677 648 661 673 666 656 643 663 653 660 676 659 656 659 676 669 675 675 667 665 659 674 661 671
"PAYH" 1131 1087 1095 1108 1097 1105 1089 1114 1101 1117 1122 1130 1103 1103 1123 1082 1114 1117 1109 1097 1119 1095 1093 1108 1113 1105 1104 1100 1098 1106 1133 1098 1089 1108 1097 1108 1086 1104 1112 1109 1110 1094 1119 1103 1118 1087 1097 1088 1111 1100 1114 1088 1103 1115 1106 1103 1099 1098 1119 1127 1115 1110 1117 1103 1116 1098 1097 1107 1100 1095 1098 1106 1098 1137 1133 1115 1127 1090 1101 1088 1116 1123 1092 1100 1124 1116 1084 1131 1117 1126 1105 1124 1107 1121 1113 1109 1116 1094 1117 1089
"PAYH3um" 1021 1038 1050 1022 1040 1039 1047 1041 1028 1013 1007 1026 1043 1025 1023 1039 1033 1040 1028 1053 1017 1025 1036 1042 1033 1074 1051 1048 1040 1044 1050 1049 1034 1048 1026 1034 1017 1041 1059 1032 1021 1031 1035 1022 1039 1032 1035 1026 1073 1056 1027 1047 1037 1029 1048 1039 1044 1048 1051 1025 1048 1017 1053 1036 1024 1049 1030 1049 1045 1045 1036 1060 1054 1050 1026 1046 1029 1041 1056 1053 1025 1028 1022 1059 1039 1030 1037 1042 1025 1023 1036 1057 1047 1031 1029 1047 1058 1047 1039 1019
"SHEE" 620 610 602 604 626 606 606 589 606 615 605 606 594 599 598 610 589 620 615 615 614 615 617 597 613 601 598 611 606 596 609 619 612 609 608 610 616 622 617 608 586 603 607 621 614 605 613 603 609 604 611 620 614 613 591 632 598 600 607 607 604 613 629 611 618 590 594 617 623 612 607 595 616 603 608 604 603 589 605 615 597 622 611 624 588 600 613 612 589 597 609 611 625 613 618 606 597 620 602 608
"SHEE3um" 684 690 697 700 686 694 714 682 679 706 694 680 676 670 708 702 681 681 696 705 704 681 690 681 688 687 698 682 707 689 684 709 696 718 685 705 676 675 690 699 686 691 701 714 688 675 671 683 693 666 680 699 703 711 682 691 693 696 702 702 690 700 707 687 684 690 665 672 691 719 708 680 685 702 690 700 684 675 689 684 691 665 688 701 679 679 683 690 689 702 699 672 709 656 687 699 698 694 672 705
"SHEH" 691 672 679 679 681 672 684 689 686 676 710 694 688 658 674 673 679 686 676 674 682 691 691 693 693 694 691 667 689 674 684 693 673 680 691 690 663 686 677 692 691 684 670 678 692 675 686 697 675 702 690 678 689 682 687 688 688 682 692 686 677 683 683 687 674 678 684 685 665 668 690 664 675 676 686 694 688 681 691 697 709 700 677 673 668 700 692 693 698 703 677 654 694 702 692 677 678 670 676 678
"SHEH3um" 719 740 742 709 720 732 736 732 743 739 708 727 724 736 730 715 749 746 736 739 725 720 736 742 711 727 716 713 738 727 729 717 712 726 712 726 723 719 720 729 730 728 745 730 730 745 730 715 728 731 741 725 740 731 738 715 741 730 737 727 706 728 748 748 730 721 731 722 732 735 719 719 728 738 730 716 720 743 729 737 731 735 702 740 730 742 725 734 701 723 739 742 738 737 732 735 749 710 727 740
"SIXE" 494 506 487 485 496 488 478 480 482 498 498 491 490 482 483 495 483 484 492 488 505 485 483 489 487 495 484 492 489 483 500 482 478 491 487 493 500 488 490 486 491 493 489 494 492 491 490 500 477 483 508 497 500 487 491 492 487 490 478 496 475 478 485 491 489 491 483 505 482 490 498 495 501 500 497 486 479 483 483 485 484 478 493 493 492 486 484 492 481 491 488 485 494 487 490 504 485 514 509 500
"SIXE3um" 506 511 502 517 514 508 509 516 515 508 505 508 507 516 513 504 505 511 505 513 509 518 505 519 526 508 509 511 510 507 508 518 516 512 512 503 509 522 507 518 509 510 506 515 508 511 514 510 508 518 505 510 517 509 519 507 496 501 515 506 517 510 511 508 511 498 517 510 515 513 508 501 513 505 516 506 513 517 511 510 515 512 517 510 504 520 516 512 516 517 503 511 519 507 508 512 513 513 515 513
"SIXH" 557 550 558 561 543 567 563 547 560 552 565 551 563 562 560 549 552 565 557 560 558 559 564 549 562 567 545 560 564 558 565 554 555 568 556 561 568 562 564 563 561 553 560 567 564 556 565 557 564 554 564 554 549 563 561 554 559 555 561 563 556 559 551 559 550 569 560 560 548 557 563 551 570 552 553 556 570 562 557 550 567 559 553 559 564 556 570 566 573 566 560 555 562 567 569 570 562 572 564 550
"SIXH3um" 561 557 569 549 546 568 562 563 570 567 568 560 561 560 566 568 563 565 569 568 560 559 548 553 569 544 576 562 573 565 557 560 563 557 572 575 576 565 541 558 568 563 563 561 574 567 563 554 556 568 564 573 562 557 564 561 559 570 548 562 572 559 561 569 567 551 562 569 558 557 577 581 562 547 564 554 569 556 564 562 556 539 568 570 566 554 555 572 565 559 563 564 565 567 548 581 557 557 561 572
"WINE" 398 405 405 402 398 406 398 403 410 407 400 394 412 402 392 406 410 383 402 396 402 405 401 408 414 398 411 416 400 396 402 418 404 412 407 408 408 416 408 401 406 409 390 406 409 403 401 401 403 400 393 404 411 399 409 409 402 396 409 401 399 393 417 409 412 415 410 411 410 395 406 403 401 405 398 403 403 404 406 399 403 406 407 404 398 404 390 404 406 411 418 401 406 397 405 399 398 408 393 390
"WINE3um" 422 442 426 426 428 432 439 439 431 443 423 435 429 430 431 444 435 432 424 424 424 437 430 422 422 428 433 438 440 434 428 434 436 431 430 425 437 439 433 439 437 429 434 440 437 421 433 435 433 430 424 433 428 440 449 428 449 433 431 445 435 418 432 425 441 434 432 439 438 439 435 433 420 436 445 438 433 430 422 428 443 427 432 443 443 437 424 450 442 426 438 449 432 440 434 433 432 437 446 446
