"V1" "V2" "V3" "V4" "V5" "V6" "V7" "V8" "V9" "V10" "V11" "V12" "V13" "V14" "V15" "V16" "V17" "V18" "V19" "V20" "V21" "V22" "V23" "V24" "V25" "V26" "V27" "V28" "V29" "V30" "V31" "V32" "V33" "V34" "V35" "V36" "V37" "V38" "V39" "V40" "V41" "V42" "V43" "V44" "V45" "V46" "V47" "V48" "V49" "V50" "V51" "V52" "V53" "V54" "V55" "V56" "V57" "V58" "V59" "V60" "V61" "V62" "V63" "V64" "V65" "V66" "V67" "V68" "V69" "V70" "V71" "V72" "V73" "V74" "V75" "V76" "V77" "V78" "V79" "V80" "V81" "V82" "V83" "V84" "V85" "V86" "V87" "V88" "V89" "V90" "V91" "V92" "V93" "V94" "V95" "V96" "V97" "V98" "V99" "V100"
"BAKE" 551 562 544 529 549 537 525 532 533 559 532 557 550 555 541 544 543 551 541 540 528 539 547 548 536 549 542 521 548 541 547 546 528 540 537 547 547 527 539 557 551 537 545 543 542 545 550 538 548 542 574 544 539 533 542 546 549 551 563 541 540 536 544 535 545 546 537 539 534 536 550 531 554 539 559 550 559 569 562 545 562 535 539 555 535 548 534 547 552 546 538 543 531 537 542 544 532 549 522 546
"BAKE3um" 733 717 734 723 700 729 724 720 738 710 722 742 715 732 744 736 746 728 750 746 699 722 708 735 737 721 739 735 697 723 709 768 714 713 745 724 720 730 729 691 706 735 759 740 725 729 718 734 718 757 737 715 724 746 712 754 750 729 741 702 731 737 722 730 718 713 740 741 738 733 748 722 734 716 742 708 734 724 713 718 712 730 738 734 709 740 725 723 745 735 736 727 736 751 752 730 737 751 722 710
"BAKH" 1002 1025 1004 981 1027 1003 1038 1012 1000 1012 1019 989 1007 1016 1004 997 1008 1023 1011 998 1005 991 1026 1004 1015 1009 1000 1013 1007 1011 1027 1005 999 991 1019 1015 1020 1026 1000 1011 1008 1007 1029 1008 995 1017 1023 1009 1015 974 1020 1013 1021 1008 1021 1028 1030 961 1016 1004 1013 987 1015 1040 1004 1039 997 1016 981 995 1003 1044 1030 999 988 1011 1042 1007 995 1010 993 994 992 975 994 1031 1006 1012 991 999 995 1011 997 1026 1009 998 1009 1001 1014 983
"BAKH3um" 985 961 943 975 938 947 963 966 966 979 959 988 966 993 955 934 954 971 957 983 957 959 998 934 958 938 997 965 940 951 952 974 961 994 953 969 945 931 961 941 951 984 938 961 958 945 966 941 946 926 962 970 936 980 944 959 949 977 956 940 973 964 965 972 981 944 955 965 926 958 960 970 970 949 957 937 929 931 977 960 964 982 962 952 1010 943 967 967 956 949 965 959 943 990 972 964 968 964 985 948
"BASE" 586 581 583 592 591 595 589 587 584 584 578 590 594 583 599 584 589 598 574 576 598 615 589 579 587 582 599 592 596 590 563 613 585 573 609 566 576 594 597 596 585 584 608 578 578 575 588 592 569 590 575 579 602 591 598 602 583 585 576 583 584 584 595 593 595 587 596 595 611 588 587 587 591 589 594 583 596 600 576 580 577 582 597 603 595 585 603 571 579 588 609 567 595 600 597 594 590 588 577 588
"BASE3um" 600 585 605 601 597 612 610 603 589 593 586 597 591 592 590 595 592 607 607 581 600 609 596 611 602 603 590 587 595 591 607 592 616 586 598 599 588 602 604 598 597 588 594 596 594 591 602 593 605 598 594 605 587 600 598 603 589 599 598 585 602 602 607 593 594 600 600 598 595 588 587 603 602 616 597 600 609 582 607 597 594 588 587 608 600 590 585 602 584 578 593 603 603 603 597 595 590 594 601 610
"BASH" 1217 1217 1213 1236 1240 1215 1220 1234 1250 1233 1216 1187 1257 1230 1245 1233 1216 1216 1245 1249 1232 1237 1203 1244 1256 1232 1244 1215 1231 1217 1204 1234 1258 1248 1232 1234 1245 1212 1222 1223 1241 1243 1250 1264 1213 1260 1232 1213 1220 1254 1225 1213 1232 1241 1245 1227 1234 1238 1231 1219 1217 1257 1240 1248 1204 1259 1222 1218 1195 1233 1224 1219 1194 1249 1239 1230 1218 1242 1232 1236 1239 1252 1246 1202 1210 1228 1240 1226 1234 1220 1204 1203 1196 1220 1218 1252 1199 1231 1250 1208
"BASH3um" 1136 1099 1101 1095 1119 1116 1117 1131 1119 1142 1152 1123 1141 1108 1105 1134 1121 1123 1139 1111 1114 1126 1129 1143 1134 1109 1115 1147 1122 1118 1116 1110 1113 1107 1123 1138 1139 1109 1126 1113 1133 1108 1126 1150 1102 1120 1089 1117 1125 1122 1124 1117 1101 1130 1122 1116 1111 1120 1118 1117 1102 1118 1149 1109 1113 1091 1104 1129 1115 1116 1111 1125 1127 1112 1112 1112 1091 1124 1101 1117 1132 1155 1124 1147 1118 1111 1119 1145 1134 1083 1118 1117 1132 1131 1132 1113 1119 1139 1101 1084
"BRIE" 514 523 534 536 522 526 520 521 538 528 535 531 545 541 518 542 535 520 534 536 514 538 507 523 536 529 537 537 540 517 522 535 543 527 540 544 542 537 533 528 522 538 519 522 548 524 526 547 531 535 527 519 530 515 530 535 525 552 536 510 515 536 543 532 502 546 515 530 523 527 521 554 536 535 536 529 536 537 518 519 539 496 534 526 522 527 536 537 534 524 519 518 540 536 519 524 553 508 520 542
"BRIE3um" 634 648 634 625 649 654 653 634 620 648 650 630 639 642 672 646 645 650 637 653 643 632 657 635 649 645 661 646 621 641 641 650 650 620 640 661 653 636 643 646 641 663 631 633 663 615 645 663 642 629 618 618 643 638 663 651 644 636 631 644 656 631 671 641 647 627 621 662 633 644 653 669 650 649 641 620 642 658 639 638 648 634 665 645 640 650 627 646 647 627 663 640 646 642 648 631 644 645 627 660
"BRIH" 975 990 994 997 974 972 985 1002 1000 983 993 980 972 998 987 1009 980 995 993 998 1000 968 1015 973 980 962 976 999 1006 1002 987 986 983 1004 995 1023 1000 990 1000 1005 1006 963 996 958 1006 1018 1020 981 965 997 1003 1016 973 1009 977 969 1010 986 961 964 988 994 996 999 984 980 993 1019 997 978 983 959 995 990 984 978 984 995 988 992 1000 965 960 984 1002 970 998 1009 1007 998 958 1025 971 999 1004 1010 1003 1000 1000 947
"BRIH3um" 1058 1051 1098 1107 1050 1070 1054 1049 1070 1046 1085 1045 1049 1063 1075 1044 1073 1055 1096 1063 1041 1064 1089 1053 1038 1079 1074 1085 1036 1101 1041 1082 1044 1064 1039 1038 1031 1058 1074 1076 1091 1064 1057 1080 1052 1043 1069 1061 1057 1048 1051 1075 1052 1053 1090 1051 1052 1031 1058 1063 1039 1056 1067 1099 1075 1063 1047 1072 1077 1059 1092 1053 1065 1073 1098 1050 1033 1071 1075 1046 1071 1031 1048 1072 1056 1038 1058 1053 1068 1078 1044 1054 1078 1077 1075 1071 1067 1064 1029 1064
"BSTE" 273 273 273 273 273 273 273 273 273 273 273 273 273 273 273 273 273 273 273 273 273 273 273 273 273 273 273 273 273 273 273 273 273 273 273 273 273 273 273 273 273 273 273 273 272 273 273 273 273 273 273 273 273 273 273 273 273 273 273 273 273 273 273 273 273 273 273 273 273 273 273 273 273 273 273 273 273 273 273 273 273 273 273 273 273 273 273 273 273 273 273 273 273 273 273 273 273 273 273 273
"BSTE3um" 419 426 428 421 413 427 430 408 412 422 427 421 420 425 433 438 412 447 403 407 431 427 429 422 420 424 416 429 415 424 426 432 424 425 431 425 427 430 436 425 426 424 417 417 431 428 420 416 439 410 434 435 439 424 446 435 417 425 423 420 426 436 437 419 415 442 426 419 435 439 407 415 431 427 427 419 420 426 430 438 427 432 430 409 428 442 413 419 417 421 392 432 422 418 405 414 426 423 421 420
"BSTH" 1052 1021 1029 1074 1058 1080 1060 1064 1044 1008 1018 1038 1027 1037 1052 1053 1033 1063 1025 1030 1031 1016 1040 1072 1024 1042 1050 1038 1062 1036 1069 1033 1056 997 1033 1021 1061 1040 1011 1033 1074 1013 1048 1036 1023 1042 1046 1050 1054 1042 1044 1025 1043 1053 1044 1045 1044 1031 1031 1052 1067 1048 1026 1060 1029 1027 1036 1060 1075 1038 1047 1061 1060 1016 1031 1048 1002 1055 1044 1059 1038 1048 1053 1057 1026 1035 1049 1035 1047 1057 1049 1059 1031 1051 1055 1002 1049 1070 1019 1016
"BSTH3um" 829 853 832 837 826 829 804 840 850 844 844 832 840 841 861 849 834 827 833 830 827 860 845 845 854 858 840 827 873 864 838 836 847 839 840 853 860 835 838 838 851 843 849 844 859 849 855 855 862 848 837 830 849 810 842 840 852 843 852 851 834 860 843 822 846 853 856 845 850 831 843 829 831 844 852 871 843 835 859 824 823 857 852 846 837 815 859 846 838 836 826 869 843 846 826 860 848 837 854 845
"GULE" 650 645 637 660 656 675 669 651 662 663 648 633 648 670 645 658 658 664 655 666 644 659 668 665 640 658 667 637 652 662 667 650 658 648 668 649 627 643 663 649 650 642 665 675 647 645 639 663 675 636 666 660 660 650 664 652 646 666 669 668 654 682 638 667 647 641 650 657 662 650 660 652 643 646 673 647 665 658 670 655 668 654 656 642 667 647 666 641 661 656 662 653 656 660 663 654 649 627 655 640
"GULE3um" 768 778 782 754 770 774 777 765 754 761 769 767 778 758 781 772 754 761 768 771 761 779 790 776 757 759 745 759 768 766 794 773 754 756 764 759 761 749 774 777 767 754 772 777 764 759 780 769 750 761 775 775 766 757 749 768 747 773 765 765 794 756 760 760 763 778 766 760 779 759 760 760 786 769 771 763 765 777 757 786 774 773 758 760 766 763 772 776 778 759 790 770 770 759 779 781 757 756 778 774
"GULH" 390 392 379 396 396 386 394 381 390 380 387 391 385 388 387 383 386 382 390 393 394 385 385 394 381 391 390 380 402 397 389 394 391 382 399 397 394 388 382 385 382 386 383 395 383 391 391 387 402 394 392 380 383 384 394 392 390 399 390 380 390 397 390 377 395 391 391 396 383 386 393 387 388 393 381 396 394 383 386 377 402 396 385 385 385 396 380 379 389 391 397 386 379 391 394 386 385 378 395 394
"GULH3um" 811 806 814 822 822 833 798 831 830 812 804 800 801 802 801 809 798 820 824 811 815 813 813 800 801 824 822 780 801 820 803 794 828 799 804 819 812 812 811 810 813 809 815 821 839 800 807 805 832 797 830 801 834 799 792 801 801 789 822 807 807 817 823 811 815 803 819 813 836 800 819 827 811 817 798 809 812 814 811 826 816 784 819 815 822 825 824 808 828 796 814 819 802 822 786 815 828 791 822 811
"LEEE" 487 494 499 506 497 501 484 512 501 476 499 501 499 496 496 503 485 488 490 496 494 495 505 504 484 485 504 503 494 491 491 501 496 495 499 490 514 508 488 506 502 501 502 493 494 514 514 509 499 511 489 510 496 485 493 500 496 492 482 479 500 505 514 493 513 503 510 499 488 496 481 491 493 511 501 510 485 494 505 496 490 502 503 508 511 499 490 493 498 511 486 488 497 505 495 490 497 509 491 505
"LEEE3um" 580 591 586 593 574 575 604 595 589 599 642 584 577 580 579 571 584 591 592 600 588 611 592 590 578 574 582 568 612 613 600 565 598 579 581 617 585 582 575 599 614 578 589 618 578 589 595 598 606 584 580 600 603 596 582 608 603 621 590 610 567 582 591 590 603 600 601 573 625 596 600 595 578 587 609 591 586 611 589 580 610 580 599 587 562 588 595 586 569 618 595 606 587 592 601 593 580 596 589 609
"LEEH" 389 414 417 402 420 408 410 399 401 395 405 411 396 416 407 406 403 399 411 404 415 374 408 392 406 413 392 408 408 400 400 394 417 400 411 409 396 388 411 438 397 386 407 414 404 394 403 391 403 414 411 400 416 400 421 404 392 414 383 403 396 386 400 406 402 400 408 405 421 395 415 401 422 399 398 418 400 423 392 397 404 413 408 406 402 396 393 410 403 424 389 398 421 404 408 400 389 397 391 385
"LEEH3um" 497 494 513 477 506 523 502 507 517 498 540 504 497 496 505 507 520 497 499 518 540 498 489 499 518 489 504 511 498 509 503 486 524 524 473 523 501 486 497 484 496 488 498 477 485 490 510 507 486 498 507 499 502 502 506 500 507 500 507 516 500 489 492 521 506 498 497 485 508 500 495 487 512 479 497 496 488 476 493 506 498 495 509 488 494 510 527 510 516 497 494 502 489 477 491 492 520 509 521 505
"LONE" 506 498 514 498 503 492 475 499 498 500 494 508 506 487 490 486 506 500 504 514 500 487 490 497 498 497 500 518 486 480 499 493 508 505 508 507 488 502 495 485 479 496 507 485 504 497 516 522 521 497 499 509 493 482 503 512 495 495 499 484 510 515 496 493 492 511 507 503 500 500 504 511 498 504 510 517 498 504 506 507 496 480 504 494 498 491 503 499 492 479 509 493 489 511 498 497 498 492 509 515
"LONH" 454 460 464 447 445 454 450 454 443 460 459 452 467 479 481 456 449 435 464 449 456 431 454 451 450 464 459 450 452 452 465 443 446 463 453 446 447 441 465 457 459 439 451 450 463 446 439 449 457 453 449 448 455 449 434 450 478 451 467 456 450 446 449 454 444 468 452 439 452 443 454 450 429 458 456 468 450 451 458 443 460 461 451 468 456 440 449 426 457 467 442 452 446 461 437 451 448 441 430 453
"LONH3um" 543 540 531 532 523 529 521 540 525 542 538 539 523 539 531 530 534 544 539 537 529 547 541 554 543 534 528 546 543 530 526 536 534 530 527 534 533 528 539 536 529 527 537 521 528 544 541 536 518 538 518 550 545 550 530 534 523 544 529 528 535 525 544 520 525 535 526 528 546 539 533 530 548 540 532 530 549 528 520 533 538 543 526 517 525 506 539 535 547 531 542 552 528 519 532 534 533 529 529 541
"PAYE" 673 699 688 698 691 683 659 702 689 675 685 670 701 691 692 672 715 667 683 681 698 694 679 679 671 669 699 703 698 691 673 691 682 661 677 683 666 703 683 682 681 686 659 682 671 693 710 702 683 670 676 683 698 697 675 675 683 681 679 692 684 694 670 687 664 689 687 690 679 712 678 702 685 675 707 675 678 679 705 680 690 696 713 690 694 671 672 697 688 690 680 698 695 703 656 681 684 674 687 704
"PAYE3um" 727 753 733 745 754 719 758 742 759 728 728 779 725 732 755 742 736 747 760 737 733 747 729 723 733 751 724 725 729 740 734 738 710 752 746 757 736 739 744 737 744 744 730 735 761 756 753 743 753 746 725 752 762 738 732 728 740 741 740 738 733 753 735 737 742 726 735 726 732 742 762 768 730 743 740 750 734 752 743 728 735 736 748 766 752 753 730 733 759 721 745 761 756 701 742 731 743 711 730 753
"PAYH" 1231 1234 1239 1213 1218 1212 1198 1226 1205 1211 1239 1189 1203 1237 1214 1250 1183 1193 1236 1223 1191 1209 1214 1202 1202 1227 1220 1270 1200 1205 1238 1222 1210 1219 1220 1211 1196 1220 1219 1162 1211 1208 1187 1196 1215 1217 1223 1218 1219 1212 1202 1217 1218 1216 1227 1223 1212 1201 1195 1220 1228 1248 1216 1234 1194 1229 1200 1175 1206 1215 1228 1202 1209 1213 1220 1237 1205 1231 1209 1179 1201 1216 1229 1221 1200 1215 1193 1208 1221 1209 1196 1221 1166 1207 1232 1216 1209 1183 1247 1226
"PAYH3um" 1138 1143 1160 1129 1149 1161 1141 1141 1134 1096 1121 1123 1154 1129 1110 1167 1139 1157 1120 1151 1133 1145 1150 1153 1115 1152 1152 1112 1132 1141 1148 1133 1129 1148 1124 1134 1147 1142 1143 1129 1158 1146 1170 1149 1155 1155 1145 1155 1141 1151 1175 1109 1151 1124 1146 1162 1151 1127 1115 1121 1112 1145 1141 1129 1163 1158 1147 1137 1128 1129 1153 1136 1127 1143 1123 1153 1138 1179 1134 1140 1106 1123 1118 1143 1131 1165 1129 1133 1180 1149 1149 1158 1152 1153 1130 1147 1130 1138 1134 1153
"SHEE" 710 722 743 698 703 728 729 703 702 700 708 693 686 701 680 716 698 692 689 701 708 690 702 715 700 717 748 707 707 710 681 709 713 709 696 683 723 722 689 705 721 693 704 702 684 731 688 716 722 706 705 710 706 687 711 703 681 700 710 715 705 713 704 672 692 685 708 694 693 713 712 686 713 720 717 684 711 684 702 710 694 681 698 700 704 711 700 687 698 693 692 705 705 704 703 664 699 729 722 712
"SHEE3um" 760 769 786 756 779 794 784 753 759 761 776 766 778 801 776 754 750 786 757 765 759 763 775 756 793 771 769 755 749 765 785 770 758 762 764 777 793 741 771 760 780 766 760 759 754 793 763 793 766 782 758 777 778 767 761 777 767 778 780 761 793 742 762 776 772 762 772 761 784 747 774 757 762 752 786 761 794 760 741 765 763 764 750 767 759 740 747 773 771 781 764 751 760 764 753 768 778 755 775 731
"SHEH" 806 773 784 813 799 812 805 797 804 780 804 820 798 793 824 796 815 799 785 796 819 786 798 781 795 818 814 804 812 770 790 802 786 799 808 792 789 816 817 813 802 770 781 807 811 771 792 810 784 813 782 798 813 812 812 793 815 786 787 787 800 766 815 807 793 817 804 793 818 769 801 795 804 809 799 789 808 787 815 789 803 768 799 804 807 791 790 789 790 782 763 822 802 780 828 822 818 790 805 792
"SHEH3um" 818 819 816 813 819 806 800 814 817 812 822 807 822 815 803 814 768 789 796 813 821 815 788 797 792 816 808 810 847 783 801 818 797 834 798 806 801 812 828 794 799 809 814 802 839 794 810 798 821 801 822 811 812 800 811 808 781 814 812 810 790 801 822 842 812 794 798 817 822 794 817 799 822 789 814 808 801 815 814 806 813 819 796 827 785 829 813 805 826 809 818 793 790 825 818 832 826 804 789 826
"SIXE" 491 495 487 485 495 497 499 489 501 492 497 488 490 488 486 494 499 488 493 487 488 494 505 495 499 477 505 492 492 500 502 489 486 499 488 491 491 501 498 483 497 494 485 494 479 481 496 479 498 504 477 477 481 483 494 492 500 489 491 493 483 483 483 500 495 494 499 497 487 493 498 486 495 487 497 482 488 484 480 479 490 490 488 491 486 497 516 486 489 493 509 503 483 504 502 494 489 495 500 501
"SIXE3um" 584 589 586 589 577 595 594 576 579 598 565 578 569 590 589 568 592 583 598 588 588 581 570 584 617 580 592 588 581 592 597 584 593 608 588 594 565 575 584 576 599 570 568 583 566 593 571 567 588 582 595 569 597 573 584 583 600 579 579 587 576 582 565 578 592 598 565 572 587 576 591 574 593 596 592 570 583 588 584 591 578 568 589 568 580 558 579 557 588 589 573 589 586 592 574 584 592 600 580 573
"SIXH" 565 571 557 557 558 552 566 558 556 567 551 558 546 562 563 556 555 549 563 569 561 555 571 562 557 559 573 561 569 569 558 572 560 564 577 565 557 561 552 557 564 560 577 571 560 572 557 559 567 568 553 563 566 560 576 560 552 577 554 559 563 569 556 556 559 559 556 559 569 559 557 567 567 572 571 566 559 561 566 552 564 564 564 556 557 552 556 556 577 557 556 560 562 567 564 567 555 555 553 557
"SIXH3um" 623 626 620 643 625 633 621 613 608 628 646 621 629 623 624 603 623 645 648 638 626 640 622 641 633 643 663 620 645 609 639 634 644 626 641 613 632 625 637 635 646 643 622 637 633 626 639 639 631 632 625 612 616 617 622 625 632 627 622 645 633 634 630 623 640 630 601 636 633 634 623 647 639 619 624 646 616 611 649 627 629 638 603 635 638 657 638 613 633 637 627 646 617 628 631 618 642 646 629 617
"WINE" 459 447 453 432 448 454 437 438 432 443 429 432 448 441 446 440 441 459 449 451 445 456 449 440 439 462 441 447 442 454 451 436 445 438 466 429 450 449 422 452 439 440 426 442 437 438 442 435 439 431 435 451 456 437 435 435 463 441 438 444 446 450 428 446 424 446 438 438 438 418 445 445 450 451 445 440 449 438 449 446 432 439 440 449 436 436 452 441 444 434 450 441 448 457 442 454 443 440 437 443
"WINE3um" 481 473 471 472 483 472 486 488 498 477 502 488 468 483 468 493 485 483 490 490 475 485 455 485 479 472 476 488 479 508 477 474 478 488 460 473 493 473 473 487 492 486 494 477 476 469 466 487 482 490 465 489 485 473 483 501 491 491 482 467 503 488 497 484 485 478 488 494 477 483 492 471 466 478 489 488 499 479 489 497 470 483 495 486 494 480 478 504 470 474 483 455 483 499 485 478 474 481 486 476
